0.033525 0.003515 1024.000000
0.031808 0.002419 1024.000000
0.029909 0.003156 1024.000000
0.027875 0.003265 1024.000000
0.026607 0.001670 1024.000000
0.024834 0.002673 1024.000000
0.024576 0.004694 1024.000000
0.022639 0.004065 1024.000000
0.022273 0.002061 1024.000000
0.020295 0.002547 1024.000000
0.018615 0.003699 1024.000000
0.017224 0.002211 1024.000000
0.015187 0.002169 1024.000000
0.013338 0.003026 1024.000000
0.011849 0.001636 1024.000000
0.009826 0.001391 1024.000000
0.009545 0.003408 1024.000000
0.009385 0.005439 1024.000000
0.008320 0.007176 1024.000000
0.007355 0.008970 1024.000000
0.007413 0.011006 1024.000000
0.008886 0.012413 1024.000000
0.010871 0.012875 1024.000000
0.012455 0.014156 1024.000000
0.012498 0.016192 1024.000000
0.013015 0.018163 1024.000000
0.014850 0.019048 1024.000000
0.015998 0.020731 1024.000000
0.015497 0.022706 1024.000000
0.016257 0.024596 1024.000000
0.017367 0.026304 1024.000000
0.018989 0.027537 1024.000000
0.019356 0.025533 1024.000000
0.019311 0.023496 1024.000000
0.021022 0.024602 1024.000000
0.020130 0.026434 1024.000000
0.018302 0.027333 1024.000000
0.016938 0.028847 1024.000000
0.016390 0.030809 1024.000000
0.014929 0.032228 1024.000000
0.013241 0.031086 1024.000000
0.013872 0.029149 1024.000000
0.012429 0.027711 1024.000000
0.011057 0.026205 1024.000000
0.012050 0.024426 1024.000000
0.011921 0.022393 1024.000000
0.010309 0.023638 1024.000000
0.010438 0.025672 1024.000000
0.008996 0.027111 1024.000000
0.007328 0.025941 1024.000000
0.008763 0.024494 1024.000000
0.009294 0.022528 1024.000000
0.008137 0.020852 1024.000000
0.008106 0.018815 1024.000000
0.007114 0.017035 1024.000000
0.005281 0.016147 1024.000000
0.005121 0.014116 1024.000000
0.005842 0.012210 1024.000000
0.004695 0.010527 1024.000000
0.002662 0.010392 1024.000000
0.000641 0.010647 1024.000000
-0.001396 0.010596 1024.000000
-0.003413 0.010313 1024.000000
-0.005368 0.010885 1024.000000
-0.005676 0.012899 1024.000000
-0.004827 0.014751 1024.000000
-0.005922 0.016468 1024.000000
-0.007729 0.017409 1024.000000
-0.007756 0.019446 1024.000000
-0.008221 0.021430 1024.000000
-0.009999 0.022424 1024.000000
-0.009686 0.024437 1024.000000
-0.010688 0.026211 1024.000000
-0.011609 0.024393 1024.000000
-0.013584 0.023896 1024.000000
-0.012827 0.025787 1024.000000
-0.011306 0.027143 1024.000000
-0.012456 0.028824 1024.000000
-0.014316 0.029655 1024.000000
-0.014891 0.031609 1024.000000
-0.016553 0.032788 1024.000000
-0.016863 0.030775 1024.000000
-0.017284 0.028781 1024.000000
-0.018324 0.027030 1024.000000
-0.019651 0.025484 1024.000000
-0.019263 0.023484 1024.000000
-0.017234 0.023663 1024.000000
-0.017082 0.025694 1024.000000
-0.017256 0.027724 1024.000000
-0.015796 0.026304 1024.000000
-0.016744 0.024501 1024.000000
-0.015744 0.022726 1024.000000
-0.015587 0.020694 1024.000000
-0.015168 0.018701 1024.000000
-0.013297 0.017894 1024.000000
-0.012067 0.016270 1024.000000
-0.012224 0.014239 1024.000000
-0.011019 0.012596 1024.000000
-0.009023 0.012192 1024.000000
-0.007365 0.011008 1024.000000
-0.007231 0.008975 1024.000000
-0.008167 0.007165 1024.000000
-0.009272 0.005454 1024.000000
-0.009839 0.003497 1024.000000
-0.010293 0.001511 1024.000000
-0.012294 0.001131 1024.000000
-0.013506 0.002769 1024.000000
-0.015539 0.002891 1024.000000
-0.017317 0.001897 1024.000000
-0.018968 0.003091 1024.000000
-0.020992 0.003316 1024.000000
-0.022537 0.001988 1024.000000
-0.023666 0.003683 1024.000000
-0.024757 0.005404 1024.000000
-0.025538 0.003522 1024.000000
-0.025229 0.001509 1024.000000
-0.027254 0.001733 1024.000000
-0.028348 0.003451 1024.000000
-0.030286 0.002823 1024.000000
-0.032261 0.002323 1024.000000
-0.033135 0.004163 1024.000000
-0.035118 0.003695 1024.000000
-0.035089 0.001658 1024.000000
-0.033747 0.000125 1024.000000
-0.033077 -0.001799 1024.000000
-0.032731 -0.003806 1024.000000
-0.032151 -0.005759 1024.000000
-0.030181 -0.005242 1024.000000
-0.031821 -0.004033 1024.000000
-0.030873 -0.002230 1024.000000
-0.028888 -0.002688 1024.000000
-0.026879 -0.002350 1024.000000
-0.025127 -0.003388 1024.000000
-0.023106 -0.003650 1024.000000
-0.021527 -0.002363 1024.000000
-0.019496 -0.002514 1024.000000
-0.017759 -0.003579 1024.000000
-0.015843 -0.002886 1024.000000
-0.014505 -0.001350 1024.000000
-0.012503 -0.000974 1024.000000
-0.010922 -0.002260 1024.000000
-0.009968 -0.004059 1024.000000
-0.008964 -0.005832 1024.000000
-0.007513 -0.007262 1024.000000
-0.006450 -0.008999 1024.000000
-0.007862 -0.010468 1024.000000
-0.009865 -0.010838 1024.000000
-0.010449 -0.012789 1024.000000
-0.010931 -0.014769 1024.000000
-0.012845 -0.015465 1024.000000
-0.013475 -0.017403 1024.000000
-0.013663 -0.019431 1024.000000
-0.015699 -0.019374 1024.000000
-0.016616 -0.021193 1024.000000
-0.014674 -0.021810 1024.000000
-0.015266 -0.023759 1024.000000
-0.017238 -0.023247 1024.000000
-0.018619 -0.024744 1024.000000
-0.017933 -0.026662 1024.000000
-0.018760 -0.028524 1024.000000
-0.020352 -0.029795 1024.000000
-0.018500 -0.030643 1024.000000
-0.016638 -0.029815 1024.000000
-0.014648 -0.029379 1024.000000
-0.012642 -0.029735 1024.000000
-0.010944 -0.028610 1024.000000
-0.012660 -0.027512 1024.000000
-0.014682 -0.027758 1024.000000
-0.013482 -0.026112 1024.000000
-0.011450 -0.026251 1024.000000
-0.010996 -0.024264 1024.000000
-0.009633 -0.022751 1024.000000
-0.008116 -0.021391 1024.000000
-0.008328 -0.019365 1024.000000
-0.007362 -0.017571 1024.000000
-0.005563 -0.016614 1024.000000
-0.005258 -0.014600 1024.000000
-0.006039 -0.012718 1024.000000
-0.005150 -0.010886 1024.000000
-0.003151 -0.010493 1024.000000
-0.001119 -0.010647 1024.000000
0.000917 -0.010596 1024.000000
0.002923 -0.010237 1024.000000
0.004927 -0.010598 1024.000000
0.005429 -0.012573 1024.000000
0.004764 -0.014499 1024.000000
0.005965 -0.016145 1024.000000
0.007610 -0.017347 1024.000000
0.007537 -0.019382 1024.000000
0.008423 -0.021216 1024.000000
0.010124 -0.022338 1024.000000
0.009737 -0.024338 1024.000000
0.011149 -0.025806 1024.000000
0.012899 -0.024763 1024.000000
0.012921 -0.026800 1024.000000
0.011089 -0.027691 1024.000000
0.011831 -0.029588 1024.000000
0.013865 -0.029470 1024.000000
0.015900 -0.029382 1024.000000
0.017851 -0.029968 1024.000000
0.019623 -0.030974 1024.000000
0.020044 -0.028981 1024.000000
0.018688 -0.027460 1024.000000
0.018790 -0.025426 1024.000000
0.017934 -0.023577 1024.000000
0.015952 -0.024049 1024.000000
0.014223 -0.022973 1024.000000
0.016044 -0.022060 1024.000000
0.016689 -0.020127 1024.000000
0.014652 -0.020090 1024.000000
0.013726 -0.018275 1024.000000
0.013517 -0.016248 1024.000000
0.011627 -0.015488 1024.000000
0.010698 -0.013675 1024.000000
0.010560 -0.011643 1024.000000
0.008664 -0.010899 1024.000000
0.006800 -0.010077 1024.000000
0.007037 -0.008054 1024.000000
0.008402 -0.006542 1024.000000
0.009533 -0.004847 1024.000000
0.010435 -0.003021 1024.000000
0.011677 -0.001406 1024.000000
0.013683 -0.001052 1024.000000
0.015224 -0.002384 1024.000000
0.016906 -0.003533 1024.000000
0.018798 -0.002776 1024.000000
0.020749 -0.002190 1024.000000
0.022429 -0.003343 1024.000000
0.024462 -0.003468 1024.000000
0.026203 -0.002410 1024.000000
0.028212 -0.002746 1024.000000
0.029882 -0.001579 1024.000000
0.031715 -0.000690 1024.000000
0.030696 -0.002454 1024.000000
0.029286 -0.003924 1024.000000
0.030940 -0.005113 1024.000000
0.032432 -0.003725 1024.000000
0.033037 -0.001780 1024.000000
0.033992 0.000020 1024.000000
0.034770 0.001902 1024.000000
0.033525 0.003515 1024.000000

