0.033184 0.003016 976.000000
0.031511 0.002151 976.000000
0.029840 0.003019 976.000000
0.027961 0.003151 976.000000
0.026832 0.001643 976.000000
0.025066 0.002296 976.000000
0.024974 0.004178 976.000000
0.023092 0.004243 976.000000
0.022772 0.002387 976.000000
0.020890 0.002319 976.000000
0.019555 0.003647 976.000000
0.018028 0.002544 976.000000
0.016227 0.001991 976.000000
0.014667 0.003048 976.000000
0.012952 0.002270 976.000000
0.011605 0.000954 976.000000
0.010058 0.002029 976.000000
0.009797 0.003894 976.000000
0.009141 0.005660 976.000000
0.008107 0.007234 976.000000
0.007266 0.008920 976.000000
0.007332 0.010802 976.000000
0.008778 0.012010 976.000000
0.010622 0.012391 976.000000
0.011941 0.013736 976.000000
0.011860 0.015617 976.000000
0.012652 0.017326 976.000000
0.014390 0.018054 976.000000
0.015159 0.019773 976.000000
0.015117 0.021657 976.000000
0.016409 0.023027 976.000000
0.016167 0.024895 976.000000
0.015098 0.026446 976.000000
0.016913 0.025943 976.000000
0.017254 0.024091 976.000000
0.019137 0.024028 976.000000
0.019144 0.025911 976.000000
0.017860 0.027290 976.000000
0.016992 0.028962 976.000000
0.016277 0.030704 976.000000
0.014619 0.031597 976.000000
0.014192 0.029762 976.000000
0.013106 0.028223 976.000000
0.011521 0.027206 976.000000
0.011816 0.025346 976.000000
0.013096 0.023964 976.000000
0.011663 0.022742 976.000000
0.010719 0.024372 976.000000
0.010237 0.026193 976.000000
0.008389 0.026556 976.000000
0.008902 0.024744 976.000000
0.009227 0.022888 976.000000
0.008161 0.021335 976.000000
0.008241 0.019453 976.000000
0.007693 0.017651 976.000000
0.005985 0.016855 976.000000
0.005130 0.015177 976.000000
0.005773 0.013407 976.000000
0.005602 0.011531 976.000000
0.003974 0.010583 976.000000
0.002091 0.010572 976.000000
0.000210 0.010678 976.000000
-0.001663 0.010480 976.000000
-0.003501 0.010069 976.000000
-0.005223 0.010833 976.000000
-0.005049 0.012709 976.000000
-0.004669 0.014553 976.000000
-0.006189 0.015666 976.000000
-0.007401 0.017108 976.000000
-0.007014 0.018952 976.000000
-0.008361 0.020268 976.000000
-0.009858 0.021411 976.000000
-0.008714 0.022907 976.000000
-0.009435 0.024648 976.000000
-0.010849 0.023404 976.000000
-0.012695 0.023778 976.000000
-0.011903 0.025487 976.000000
-0.011583 0.027343 976.000000
-0.013195 0.028318 976.000000
-0.014353 0.029804 976.000000
-0.014825 0.031627 976.000000
-0.016450 0.030675 976.000000
-0.017059 0.028892 976.000000
-0.017896 0.027205 976.000000
-0.019105 0.025760 976.000000
-0.018899 0.023888 976.000000
-0.017024 0.024065 976.000000
-0.016545 0.025887 976.000000
-0.014828 0.025112 976.000000
-0.016470 0.024188 976.000000
-0.016260 0.022316 976.000000
-0.015038 0.020883 976.000000
-0.015062 0.018999 976.000000
-0.013839 0.017567 976.000000
-0.012142 0.016749 976.000000
-0.011765 0.014904 976.000000
-0.011576 0.013030 976.000000
-0.009938 0.012101 976.000000
-0.008116 0.011621 976.000000
-0.007106 0.010031 976.000000
-0.007515 0.008192 976.000000
-0.008503 0.006588 976.000000
-0.009466 0.004969 976.000000
-0.009986 0.003159 976.000000
-0.010652 0.001397 976.000000
-0.012533 0.001294 976.000000
-0.013695 0.002777 976.000000
-0.015577 0.002853 976.000000
-0.017219 0.001930 976.000000
-0.018801 0.002953 976.000000
-0.020633 0.003389 976.000000
-0.021990 0.002082 976.000000
-0.023458 0.003262 976.000000
-0.024461 0.004856 976.000000
-0.025501 0.003286 976.000000
-0.025776 0.001423 976.000000
-0.027578 0.001969 976.000000
-0.028798 0.003404 976.000000
-0.030499 0.002593 976.000000
-0.032257 0.001917 976.000000
-0.033667 0.003166 976.000000
-0.034783 0.001649 976.000000
-0.033730 0.000088 976.000000
-0.032686 -0.001480 976.000000
-0.032212 -0.003303 976.000000
-0.030793 -0.004543 976.000000
-0.029634 -0.003058 976.000000
-0.030909 -0.001672 976.000000
-0.029445 -0.000488 976.000000
-0.029034 -0.002326 976.000000
-0.027216 -0.002821 976.000000
-0.025341 -0.002648 976.000000
-0.023714 -0.003599 976.000000
-0.021900 -0.003092 976.000000
-0.020267 -0.002154 976.000000
-0.018520 -0.002860 976.000000
-0.016722 -0.003421 976.000000
-0.015195 -0.002318 976.000000
-0.013751 -0.001109 976.000000
-0.011883 -0.001352 976.000000
-0.010633 -0.002761 976.000000
-0.009760 -0.004430 976.000000
-0.008776 -0.006036 976.000000
-0.007470 -0.007393 976.000000
-0.006584 -0.009056 976.000000
-0.007850 -0.010450 976.000000
-0.009693 -0.010841 976.000000
-0.010358 -0.012603 976.000000
-0.010699 -0.014456 976.000000
-0.012441 -0.015172 976.000000
-0.013317 -0.016840 976.000000
-0.013107 -0.018712 976.000000
-0.014947 -0.019115 976.000000
-0.016422 -0.020286 976.000000
-0.014897 -0.021391 976.000000
-0.014872 -0.023274 976.000000
-0.016756 -0.023239 976.000000
-0.018203 -0.024445 976.000000
-0.017783 -0.026281 976.000000
-0.018255 -0.028105 976.000000
-0.019258 -0.029699 976.000000
-0.017391 -0.029952 976.000000
-0.015687 -0.029148 976.000000
-0.013807 -0.029036 976.000000
-0.011950 -0.028721 976.000000
-0.012024 -0.026838 976.000000
-0.013614 -0.025830 976.000000
-0.012272 -0.024509 976.000000
-0.010625 -0.025422 976.000000
-0.009941 -0.023667 976.000000
-0.009728 -0.021796 976.000000
-0.008075 -0.020893 976.000000
-0.007630 -0.019063 976.000000
-0.007488 -0.017184 976.000000
-0.005908 -0.016159 976.000000
-0.004921 -0.014555 976.000000
-0.005480 -0.012756 976.000000
-0.005050 -0.010922 976.000000
-0.003246 -0.010379 976.000000
-0.001373 -0.010575 976.000000
0.000510 -0.010638 976.000000
0.002388 -0.010498 976.000000
0.004270 -0.010584 976.000000
0.005619 -0.011898 976.000000
0.005309 -0.013755 976.000000
0.005189 -0.015635 976.000000
0.006679 -0.016788 976.000000
0.007943 -0.018184 976.000000
0.007768 -0.020060 976.000000
0.008848 -0.021603 976.000000
0.010337 -0.022757 976.000000
0.010001 -0.024610 976.000000
0.011450 -0.025813 976.000000
0.013128 -0.024957 976.000000
0.013107 -0.026841 976.000000
0.011550 -0.027901 976.000000
0.012685 -0.029405 976.000000
0.014541 -0.029087 976.000000
0.016417 -0.029260 976.000000
0.018238 -0.029740 976.000000
0.019784 -0.028664 976.000000
0.018424 -0.027361 976.000000
0.017906 -0.025550 976.000000
0.017835 -0.023668 976.000000
0.016056 -0.023048 976.000000
0.014273 -0.022441 976.000000
0.015236 -0.020822 976.000000
0.016382 -0.019327 976.000000
0.014547 -0.018903 976.000000
0.012791 -0.018221 976.000000
0.013278 -0.016402 976.000000
0.012121 -0.014916 976.000000
0.010411 -0.014126 976.000000
0.010292 -0.012247 976.000000
0.009399 -0.010588 976.000000
0.007535 -0.010319 976.000000
0.006515 -0.008735 976.000000
0.007609 -0.007202 976.000000
0.008926 -0.005854 976.000000
0.009873 -0.004227 976.000000
0.010755 -0.002562 976.000000
0.012080 -0.001223 976.000000
0.013962 -0.001158 976.000000
0.015336 -0.002446 976.000000
0.016907 -0.003485 976.000000
0.018662 -0.002800 976.000000
0.020420 -0.002125 976.000000
0.022017 -0.003125 976.000000
0.023859 -0.003520 976.000000
0.025439 -0.002495 976.000000
0.027298 -0.002795 976.000000
0.029134 -0.002374 976.000000
0.029493 -0.000525 976.000000
0.030889 -0.001789 976.000000
0.029484 -0.003043 976.000000
0.030432 -0.004671 976.000000
0.032046 -0.003698 976.000000
0.032667 -0.001920 976.000000
0.033498 -0.000230 976.000000
0.034279 0.001484 976.000000
0.033184 0.003016 976.000000

