0.032516 0.002683 928.000000
0.030870 0.001934 928.000000
0.029384 0.002965 928.000000
0.027580 0.002839 928.000000
0.026381 0.001485 928.000000
0.024858 0.002459 928.000000
0.024621 0.004252 928.000000
0.022845 0.003910 928.000000
0.022439 0.002148 928.000000
0.020649 0.002407 928.000000
0.019298 0.003609 928.000000
0.017905 0.002456 928.000000
0.016159 0.001986 928.000000
0.014680 0.003027 928.000000
0.013020 0.002308 928.000000
0.011796 0.000976 928.000000
0.010196 0.001819 928.000000
0.009866 0.003597 928.000000
0.009300 0.005315 928.000000
0.008332 0.006843 928.000000
0.007414 0.008401 928.000000
0.007108 0.010183 928.000000
0.008150 0.011662 928.000000
0.009908 0.012089 928.000000
0.011497 0.012952 928.000000
0.011697 0.014750 928.000000
0.011933 0.016543 928.000000
0.013523 0.017404 928.000000
0.014783 0.018701 928.000000
0.014631 0.020503 928.000000
0.015772 0.021907 928.000000
0.016711 0.023452 928.000000
0.015112 0.024298 928.000000
0.015822 0.025962 928.000000
0.016801 0.024441 928.000000
0.018561 0.024025 928.000000
0.018804 0.025817 928.000000
0.017607 0.027173 928.000000
0.016739 0.028759 928.000000
0.015923 0.030373 928.000000
0.014115 0.030387 928.000000
0.014041 0.028580 928.000000
0.012595 0.027494 928.000000
0.011347 0.026184 928.000000
0.012237 0.024610 928.000000
0.012953 0.022949 928.000000
0.011196 0.022521 928.000000
0.010534 0.024204 928.000000
0.010117 0.025964 928.000000
0.008478 0.025199 928.000000
0.009578 0.023763 928.000000
0.009016 0.022044 928.000000
0.007892 0.020628 928.000000
0.008183 0.018843 928.000000
0.007329 0.017249 928.000000
0.005686 0.016493 928.000000
0.005149 0.014766 928.000000
0.005818 0.013085 928.000000
0.005453 0.011314 928.000000
0.003819 0.010540 928.000000
0.002010 0.010568 928.000000
0.000204 0.010669 928.000000
-0.001595 0.010485 928.000000
-0.003352 0.010056 928.000000
-0.005075 0.010604 928.000000
-0.005100 0.012413 928.000000
-0.004556 0.014138 928.000000
-0.005886 0.015364 928.000000
-0.007259 0.016541 928.000000
-0.006898 0.018313 928.000000
-0.007884 0.019829 928.000000
-0.009605 0.020386 928.000000
-0.008996 0.022089 928.000000
-0.008391 0.023793 928.000000
-0.010183 0.023547 928.000000
-0.011866 0.022886 928.000000
-0.012143 0.024674 928.000000
-0.011416 0.026330 928.000000
-0.012700 0.027603 928.000000
-0.014197 0.028618 928.000000
-0.014355 0.030420 928.000000
-0.016156 0.030258 928.000000
-0.016841 0.028584 928.000000
-0.017702 0.026993 928.000000
-0.018807 0.025561 928.000000
-0.018230 0.023847 928.000000
-0.016537 0.024484 928.000000
-0.015191 0.025692 928.000000
-0.015252 0.023884 928.000000
-0.016853 0.023043 928.000000
-0.015754 0.021607 928.000000
-0.014700 0.020137 928.000000
-0.014693 0.018329 928.000000
-0.013268 0.017214 928.000000
-0.011753 0.016227 928.000000
-0.011667 0.014420 928.000000
-0.011256 0.012659 928.000000
-0.009579 0.011982 928.000000
-0.007858 0.011423 928.000000
-0.007072 0.009795 928.000000
-0.007568 0.008055 928.000000
-0.008532 0.006525 928.000000
-0.009455 0.004970 928.000000
-0.009955 0.003232 928.000000
-0.010487 0.001503 928.000000
-0.012259 0.001140 928.000000
-0.013376 0.002563 928.000000
-0.015148 0.002923 928.000000
-0.016655 0.001923 928.000000
-0.018293 0.002691 928.000000
-0.019905 0.003509 928.000000
-0.021132 0.002180 928.000000
-0.022907 0.002530 928.000000
-0.023286 0.004298 928.000000
-0.025040 0.003857 928.000000
-0.024967 0.002050 928.000000
-0.026675 0.001456 928.000000
-0.027765 0.002899 928.000000
-0.029572 0.002824 928.000000
-0.030912 0.001608 928.000000
-0.032377 0.002668 928.000000
-0.034057 0.001998 928.000000
-0.033458 0.000291 928.000000
-0.032521 -0.001256 928.000000
-0.032009 -0.002990 928.000000
-0.030580 -0.004099 928.000000
-0.029522 -0.002632 928.000000
-0.029908 -0.000865 928.000000
-0.028229 -0.001538 928.000000
-0.027729 -0.003276 928.000000
-0.026011 -0.002710 928.000000
-0.024207 -0.002838 928.000000
-0.022550 -0.003561 928.000000
-0.020990 -0.002647 928.000000
-0.019248 -0.002160 928.000000
-0.017704 -0.003102 928.000000
-0.015896 -0.003158 928.000000
-0.014628 -0.001868 928.000000
-0.013041 -0.001000 928.000000
-0.011375 -0.001702 928.000000
-0.010353 -0.003195 928.000000
-0.009534 -0.004807 928.000000
-0.008544 -0.006320 928.000000
-0.007301 -0.007634 928.000000
-0.006629 -0.009313 928.000000
-0.007974 -0.010523 928.000000
-0.009741 -0.010909 928.000000
-0.010339 -0.012616 928.000000
-0.010626 -0.014402 928.000000
-0.012295 -0.015098 928.000000
-0.013232 -0.016645 928.000000
-0.012873 -0.018418 928.000000
-0.014577 -0.019022 928.000000
-0.016221 -0.019777 928.000000
-0.014994 -0.021105 928.000000
-0.014488 -0.022842 928.000000
-0.016266 -0.023172 928.000000
-0.017854 -0.024037 928.000000
-0.017585 -0.025826 928.000000
-0.017623 -0.027634 928.000000
-0.018442 -0.029246 928.000000
-0.016653 -0.029509 928.000000
-0.014999 -0.028777 928.000000
-0.013199 -0.028602 928.000000
-0.011757 -0.027511 928.000000
-0.012577 -0.025899 928.000000
-0.013011 -0.024143 928.000000
-0.011226 -0.024435 928.000000
-0.009422 -0.024312 928.000000
-0.009852 -0.022555 928.000000
-0.009103 -0.020909 928.000000
-0.007543 -0.019994 928.000000
-0.007536 -0.018186 928.000000
-0.007010 -0.016455 928.000000
-0.005427 -0.015581 928.000000
-0.004903 -0.013850 928.000000
-0.005470 -0.012133 928.000000
-0.004605 -0.010545 928.000000
-0.002806 -0.010358 928.000000
-0.001012 -0.010592 928.000000
0.000796 -0.010622 928.000000
0.002600 -0.010492 928.000000
0.004402 -0.010642 928.000000
0.005642 -0.011959 928.000000
0.005325 -0.013739 928.000000
0.005182 -0.015542 928.000000
0.006592 -0.016674 928.000000
0.007888 -0.017936 928.000000
0.007748 -0.019739 928.000000
0.008649 -0.021307 928.000000
0.010197 -0.022243 928.000000
0.009964 -0.024037 928.000000
0.010886 -0.025593 928.000000
0.012382 -0.024577 928.000000
0.013515 -0.025987 928.000000
0.012071 -0.027075 928.000000
0.012464 -0.028840 928.000000
0.014272 -0.028796 928.000000
0.016079 -0.028873 928.000000
0.017837 -0.029295 928.000000
0.019001 -0.027910 928.000000
0.017612 -0.026752 928.000000
0.017584 -0.024943 928.000000
0.017190 -0.023178 928.000000
0.015412 -0.022845 928.000000
0.014086 -0.021615 928.000000
0.015422 -0.020396 928.000000
0.015772 -0.018622 928.000000
0.013970 -0.018781 928.000000
0.012541 -0.017673 928.000000
0.013133 -0.015964 928.000000
0.011815 -0.014726 928.000000
0.010222 -0.013870 928.000000
0.010217 -0.012061 928.000000
0.009271 -0.010520 928.000000
0.007477 -0.010285 928.000000
0.006513 -0.008755 928.000000
0.007546 -0.007270 928.000000
0.008816 -0.005983 928.000000
0.009749 -0.004433 928.000000
0.010570 -0.002822 928.000000
0.011708 -0.001416 928.000000
0.013470 -0.001009 928.000000
0.014922 -0.002088 928.000000
0.016246 -0.003319 928.000000
0.018028 -0.003010 928.000000
0.019584 -0.002088 928.000000
0.021268 -0.002748 928.000000
0.022891 -0.003546 928.000000
0.024464 -0.002655 928.000000
0.026273 -0.002646 928.000000
0.027982 -0.003239 928.000000
0.028376 -0.001474 928.000000
0.029877 -0.000464 928.000000
0.029582 -0.002248 928.000000
0.029879 -0.004032 928.000000
0.031636 -0.003603 928.000000
0.032340 -0.001937 928.000000
0.033095 -0.000293 928.000000
0.033774 0.001383 928.000000
0.032516 0.002683 928.000000

