0.034335 0.002981 1008.000000
0.032509 0.002363 1008.000000
0.030655 0.002891 1008.000000
0.028855 0.003580 1008.000000
0.027654 0.002072 1008.000000
0.025764 0.001695 1008.000000
0.025511 0.003605 1008.000000
0.024034 0.004843 1008.000000
0.023354 0.003039 1008.000000
0.021657 0.002127 1008.000000
0.020358 0.003550 1008.000000
0.018572 0.002826 1008.000000
0.016860 0.001940 1008.000000
0.015240 0.002984 1008.000000
0.013362 0.002549 1008.000000
0.012144 0.001056 1008.000000
0.010320 0.001680 1008.000000
0.009890 0.003559 1008.000000
0.009281 0.005388 1008.000000
0.008243 0.007012 1008.000000
0.007323 0.008705 1008.000000
0.007258 0.010631 1008.000000
0.008666 0.011948 1008.000000
0.010553 0.012337 1008.000000
0.011944 0.013672 1008.000000
0.011878 0.015598 1008.000000
0.012703 0.017340 1008.000000
0.014483 0.018079 1008.000000
0.015219 0.019861 1008.000000
0.015193 0.021788 1008.000000
0.016368 0.023315 1008.000000
0.016074 0.025220 1008.000000
0.016057 0.027148 1008.000000
0.017671 0.026094 1008.000000
0.018157 0.024229 1008.000000
0.020063 0.024519 1008.000000
0.019281 0.026281 1008.000000
0.017733 0.027429 1008.000000
0.016953 0.029192 1008.000000
0.016401 0.031038 1008.000000
0.014852 0.032185 1008.000000
0.014258 0.030351 1008.000000
0.013377 0.028636 1008.000000
0.011694 0.027697 1008.000000
0.011548 0.025775 1008.000000
0.012979 0.024484 1008.000000
0.011648 0.023091 1008.000000
0.010752 0.024797 1008.000000
0.009973 0.026561 1008.000000
0.008057 0.026776 1008.000000
0.008621 0.024933 1008.000000
0.009318 0.023135 1008.000000
0.008321 0.021486 1008.000000
0.008245 0.019560 1008.000000
0.007728 0.017703 1008.000000
0.005983 0.016883 1008.000000
0.005115 0.015163 1008.000000
0.005775 0.013352 1008.000000
0.005539 0.011439 1008.000000
0.003829 0.010548 1008.000000
0.001902 0.010582 1008.000000
-0.000023 0.010676 1008.000000
-0.001936 0.010441 1008.000000
-0.003837 0.010125 1008.000000
-0.005414 0.011234 1008.000000
-0.004983 0.013112 1008.000000
-0.004874 0.015037 1008.000000
-0.006534 0.016016 1008.000000
-0.007509 0.017679 1008.000000
-0.007208 0.019583 1008.000000
-0.008770 0.020713 1008.000000
-0.009811 0.022335 1008.000000
-0.008635 0.023862 1008.000000
-0.010325 0.024789 1008.000000
-0.011625 0.023366 1008.000000
-0.012893 0.024817 1008.000000
-0.011611 0.026257 1008.000000
-0.011971 0.028150 1008.000000
-0.013718 0.028966 1008.000000
-0.014533 0.030712 1008.000000
-0.015516 0.032371 1008.000000
-0.016640 0.030805 1008.000000
-0.017173 0.028953 1008.000000
-0.018072 0.027248 1008.000000
-0.019339 0.025796 1008.000000
-0.019221 0.023872 1008.000000
-0.017295 0.023806 1008.000000
-0.016929 0.025699 1008.000000
-0.015014 0.025920 1008.000000
-0.016340 0.024521 1008.000000
-0.016413 0.022595 1008.000000
-0.015175 0.021118 1008.000000
-0.015186 0.019190 1008.000000
-0.014016 0.017659 1008.000000
-0.012260 0.016864 1008.000000
-0.011801 0.014992 1008.000000
-0.011633 0.013072 1008.000000
-0.009967 0.012102 1008.000000
-0.008104 0.011610 1008.000000
-0.007096 0.009967 1008.000000
-0.007558 0.008096 1008.000000
-0.008584 0.006464 1008.000000
-0.009547 0.004794 1008.000000
-0.010065 0.002938 1008.000000
-0.010936 0.001218 1008.000000
-0.012848 0.001461 1008.000000
-0.014057 0.002962 1008.000000
-0.015974 0.002763 1008.000000
-0.017736 0.001982 1008.000000
-0.019260 0.003163 1008.000000
-0.021185 0.003258 1008.000000
-0.022761 0.002149 1008.000000
-0.023858 0.003735 1008.000000
-0.025488 0.004764 1008.000000
-0.025685 0.002846 1008.000000
-0.026524 0.001111 1008.000000
-0.028012 0.002335 1008.000000
-0.029482 0.003582 1008.000000
-0.031136 0.002593 1008.000000
-0.033064 0.002588 1008.000000
-0.034629 0.003713 1008.000000
-0.035217 0.001878 1008.000000
-0.034125 0.000289 1008.000000
-0.032985 -0.001265 1008.000000
-0.032540 -0.003140 1008.000000
-0.031480 -0.004750 1008.000000
-0.029650 -0.004145 1008.000000
-0.030741 -0.002557 1008.000000
-0.030949 -0.000640 1008.000000
-0.029492 -0.001902 1008.000000
-0.027779 -0.002787 1008.000000
-0.025862 -0.002584 1008.000000
-0.024208 -0.003573 1008.000000
-0.022301 -0.003295 1008.000000
-0.020700 -0.002221 1008.000000
-0.018850 -0.002764 1008.000000
-0.017064 -0.003487 1008.000000
-0.015410 -0.002497 1008.000000
-0.013995 -0.001189 1008.000000
-0.012068 -0.001258 1008.000000
-0.010722 -0.002638 1008.000000
-0.009818 -0.004340 1008.000000
-0.008821 -0.005989 1008.000000
-0.007483 -0.007376 1008.000000
-0.006603 -0.009091 1008.000000
-0.007952 -0.010468 1008.000000
-0.009826 -0.010916 1008.000000
-0.010414 -0.012752 1008.000000
-0.010861 -0.014627 1008.000000
-0.012654 -0.015334 1008.000000
-0.013405 -0.017109 1008.000000
-0.013412 -0.019037 1008.000000
-0.015327 -0.019255 1008.000000
-0.016450 -0.020822 1008.000000
-0.014758 -0.021744 1008.000000
-0.015302 -0.023593 1008.000000
-0.017209 -0.023311 1008.000000
-0.018465 -0.024772 1008.000000
-0.017918 -0.026621 1008.000000
-0.018590 -0.028427 1008.000000
-0.019668 -0.030024 1008.000000
-0.017761 -0.030298 1008.000000
-0.016012 -0.029487 1008.000000
-0.014098 -0.029262 1008.000000
-0.012171 -0.029219 1008.000000
-0.011603 -0.027377 1008.000000
-0.013336 -0.026534 1008.000000
-0.012735 -0.024703 1008.000000
-0.011055 -0.025646 1008.000000
-0.009985 -0.024043 1008.000000
-0.009886 -0.022118 1008.000000
-0.008220 -0.021148 1008.000000
-0.007642 -0.019310 1008.000000
-0.007582 -0.017383 1008.000000
-0.006001 -0.016280 1008.000000
-0.004918 -0.014686 1008.000000
-0.005495 -0.012847 1008.000000
-0.005160 -0.010949 1008.000000
-0.003324 -0.010362 1008.000000
-0.001408 -0.010578 1008.000000
0.000518 -0.010643 1008.000000
0.002440 -0.010501 1008.000000
0.004363 -0.010627 1008.000000
0.005665 -0.012049 1008.000000
0.005280 -0.013937 1008.000000
0.005276 -0.015865 1008.000000
0.006852 -0.016975 1008.000000
0.008021 -0.018507 1008.000000
0.007834 -0.020426 1008.000000
0.009072 -0.021903 1008.000000
0.010453 -0.023247 1008.000000
0.010142 -0.025149 1008.000000
0.011896 -0.025947 1008.000000
0.013823 -0.025881 1008.000000
0.012590 -0.027363 1008.000000
0.011232 -0.028731 1008.000000
0.012890 -0.029714 1008.000000
0.014769 -0.029282 1008.000000
0.016682 -0.029518 1008.000000
0.018542 -0.030020 1008.000000
0.020273 -0.029171 1008.000000
0.018965 -0.027756 1008.000000
0.018123 -0.026022 1008.000000
0.018231 -0.024097 1008.000000
0.016551 -0.023152 1008.000000
0.014626 -0.023052 1008.000000
0.015036 -0.021169 1008.000000
0.016626 -0.020080 1008.000000
0.015014 -0.019023 1008.000000
0.013113 -0.018704 1008.000000
0.013384 -0.016796 1008.000000
0.012418 -0.015128 1008.000000
0.010631 -0.014404 1008.000000
0.010374 -0.012494 1008.000000
0.009607 -0.010726 1008.000000
0.007704 -0.010418 1008.000000
0.006517 -0.008899 1008.000000
0.007552 -0.007274 1008.000000
0.008900 -0.005896 1008.000000
0.009876 -0.004234 1008.000000
0.010781 -0.002532 1008.000000
0.012164 -0.001190 1008.000000
0.014092 -0.001211 1008.000000
0.015468 -0.002561 1008.000000
0.017136 -0.003527 1008.000000
0.018893 -0.002735 1008.000000
0.020741 -0.002188 1008.000000
0.022326 -0.003284 1008.000000
0.024242 -0.003494 1008.000000
0.025866 -0.002455 1008.000000
0.027764 -0.002795 1008.000000
0.029504 -0.001966 1008.000000
0.030271 -0.000198 1008.000000
0.030978 -0.001991 1008.000000
0.029425 -0.003132 1008.000000
0.030249 -0.004875 1008.000000
0.032012 -0.004094 1008.000000
0.032719 -0.002301 1008.000000
0.033570 -0.000572 1008.000000
0.034581 0.001069 1008.000000
0.034335 0.002981 1008.000000

