0.033430 0.003884 1032.000000
0.031597 0.002902 1032.000000
0.029603 0.003489 1032.000000
0.027554 0.003139 1032.000000
0.026257 0.001515 1032.000000
0.024669 0.002857 1032.000000
0.024515 0.004931 1032.000000
0.022588 0.004150 1032.000000
0.022446 0.002076 1032.000000
0.020403 0.002462 1032.000000
0.018790 0.003774 1032.000000
0.017355 0.002270 1032.000000
0.015280 0.002138 1032.000000
0.013424 0.003075 1032.000000
0.011919 0.001641 1032.000000
0.009884 0.001217 1032.000000
0.009527 0.003265 1032.000000
0.009429 0.005341 1032.000000
0.008353 0.007120 1032.000000
0.007337 0.008934 1032.000000
0.007373 0.011013 1032.000000
0.008887 0.012438 1032.000000
0.010918 0.012881 1032.000000
0.012515 0.014213 1032.000000
0.012511 0.016291 1032.000000
0.013098 0.018286 1032.000000
0.014987 0.019153 1032.000000
0.016052 0.020939 1032.000000
0.015508 0.022945 1032.000000
0.016371 0.024836 1032.000000
0.017564 0.026539 1032.000000
0.019449 0.027416 1032.000000
0.019352 0.025339 1032.000000
0.019258 0.023262 1032.000000
0.021067 0.024288 1032.000000
0.020394 0.026255 1032.000000
0.018519 0.027152 1032.000000
0.017032 0.028604 1032.000000
0.016532 0.030622 1032.000000
0.015287 0.032287 1032.000000
0.013336 0.031569 1032.000000
0.013955 0.029584 1032.000000
0.012658 0.027960 1032.000000
0.011074 0.026613 1032.000000
0.011978 0.024741 1032.000000
0.012868 0.022862 1032.000000
0.010790 0.022790 1032.000000
0.010673 0.024866 1032.000000
0.009970 0.026822 1032.000000
0.008069 0.027661 1032.000000
0.008183 0.025586 1032.000000
0.009380 0.023886 1032.000000
0.008486 0.022009 1032.000000
0.008343 0.019935 1032.000000
0.007949 0.017893 1032.000000
0.006044 0.017059 1032.000000
0.005029 0.015245 1032.000000
0.005845 0.013333 1032.000000
0.005609 0.011267 1032.000000
0.003706 0.010430 1032.000000
0.001633 0.010588 1032.000000
-0.000444 0.010673 1032.000000
-0.002492 0.010320 1032.000000
-0.004568 0.010207 1032.000000
-0.005745 0.011921 1032.000000
-0.004837 0.013791 1032.000000
-0.005276 0.015823 1032.000000
-0.007188 0.016640 1032.000000
-0.007661 0.018664 1032.000000
-0.007723 0.020742 1032.000000
-0.009587 0.021663 1032.000000
-0.009632 0.023741 1032.000000
-0.008935 0.025700 1032.000000
-0.010904 0.025032 1032.000000
-0.011737 0.023127 1032.000000
-0.013323 0.024471 1032.000000
-0.011727 0.025804 1032.000000
-0.011620 0.027880 1032.000000
-0.013498 0.028771 1032.000000
-0.014403 0.030643 1032.000000
-0.014363 0.032722 1032.000000
-0.016317 0.032010 1032.000000
-0.016897 0.030014 1032.000000
-0.017606 0.028059 1032.000000
-0.019107 0.026621 1032.000000
-0.020035 0.024761 1032.000000
-0.018795 0.023092 1032.000000
-0.016921 0.023991 1032.000000
-0.018218 0.025616 1032.000000
-0.017182 0.027418 1032.000000
-0.016876 0.025362 1032.000000
-0.015979 0.023487 1032.000000
-0.015672 0.021430 1032.000000
-0.015645 0.019352 1032.000000
-0.013849 0.018305 1032.000000
-0.012291 0.016928 1032.000000
-0.012376 0.014851 1032.000000
-0.011528 0.012953 1032.000000
-0.009525 0.012396 1032.000000
-0.007661 0.011475 1032.000000
-0.007148 0.009461 1032.000000
-0.007950 0.007543 1032.000000
-0.009106 0.005815 1032.000000
-0.009754 0.003839 1032.000000
-0.010022 0.001778 1032.000000
-0.011947 0.000993 1032.000000
-0.013238 0.002623 1032.000000
-0.015290 0.002952 1032.000000
-0.017070 0.001878 1032.000000
-0.018801 0.003029 1032.000000
-0.020852 0.003366 1032.000000
-0.022364 0.001939 1032.000000
-0.023601 0.003610 1032.000000
-0.024383 0.005536 1032.000000
-0.025523 0.003797 1032.000000
-0.024929 0.001805 1032.000000
-0.026994 0.001565 1032.000000
-0.028049 0.003357 1032.000000
-0.030073 0.002886 1032.000000
-0.032036 0.002200 1032.000000
-0.032902 0.004090 1032.000000
-0.034978 0.003976 1032.000000
-0.035223 0.001912 1032.000000
-0.033878 0.000327 1032.000000
-0.033125 -0.001611 1032.000000
-0.032771 -0.003660 1032.000000
-0.032319 -0.005689 1032.000000
-0.030568 -0.004568 1032.000000
-0.032367 -0.003528 1032.000000
-0.030853 -0.002103 1032.000000
-0.028864 -0.002705 1032.000000
-0.026814 -0.002355 1032.000000
-0.025033 -0.003426 1032.000000
-0.022962 -0.003612 1032.000000
-0.021346 -0.002304 1032.000000
-0.019286 -0.002584 1032.000000
-0.017476 -0.003607 1032.000000
-0.015598 -0.002714 1032.000000
-0.014194 -0.001181 1032.000000
-0.012117 -0.001090 1032.000000
-0.010672 -0.002584 1032.000000
-0.009754 -0.004450 1032.000000
-0.008663 -0.006219 1032.000000
-0.007201 -0.007697 1032.000000
-0.006603 -0.009688 1032.000000
-0.008402 -0.010731 1032.000000
-0.010383 -0.011361 1032.000000
-0.010620 -0.013427 1032.000000
-0.011468 -0.015325 1032.000000
-0.013400 -0.016091 1032.000000
-0.013647 -0.018155 1032.000000
-0.014476 -0.020062 1032.000000
-0.016555 -0.020089 1032.000000
-0.016090 -0.022115 1032.000000
-0.014304 -0.023179 1032.000000
-0.016179 -0.024077 1032.000000
-0.018206 -0.023619 1032.000000
-0.018722 -0.025633 1032.000000
-0.018021 -0.027590 1032.000000
-0.019239 -0.029275 1032.000000
-0.019720 -0.031298 1032.000000
-0.017778 -0.030555 1032.000000
-0.015940 -0.029583 1032.000000
-0.013871 -0.029376 1032.000000
-0.011793 -0.029412 1032.000000
-0.011214 -0.027416 1032.000000
-0.013292 -0.027345 1032.000000
-0.015090 -0.026302 1032.000000
-0.013042 -0.025945 1032.000000
-0.010964 -0.025870 1032.000000
-0.010757 -0.023801 1032.000000
-0.009249 -0.022370 1032.000000
-0.007901 -0.020788 1032.000000
-0.008187 -0.018728 1032.000000
-0.006878 -0.017113 1032.000000
-0.005151 -0.015957 1032.000000
-0.005370 -0.013889 1032.000000
-0.005955 -0.011894 1032.000000
-0.004457 -0.010453 1032.000000
-0.002378 -0.010483 1032.000000
-0.000307 -0.010664 1032.000000
0.001766 -0.010509 1032.000000
0.003835 -0.010306 1032.000000
0.005593 -0.011416 1032.000000
0.005343 -0.013480 1032.000000
0.004999 -0.015530 1032.000000
0.006647 -0.016798 1032.000000
0.008029 -0.018351 1032.000000
0.007777 -0.020414 1032.000000
0.009121 -0.022000 1032.000000
0.010554 -0.023507 1032.000000
0.010284 -0.025568 1032.000000
0.012335 -0.025905 1032.000000
0.014374 -0.026313 1032.000000
0.012542 -0.027297 1032.000000
0.010779 -0.028399 1032.000000
0.012226 -0.029892 1032.000000
0.014260 -0.029464 1032.000000
0.016339 -0.029450 1032.000000
0.018283 -0.030186 1032.000000
0.020276 -0.030778 1032.000000
0.020017 -0.028715 1032.000000
0.018582 -0.027211 1032.000000
0.018759 -0.025139 1032.000000
0.017634 -0.023391 1032.000000
0.015659 -0.024042 1032.000000
0.014102 -0.022665 1032.000000
0.016089 -0.022055 1032.000000
0.016805 -0.020104 1032.000000
0.014726 -0.020139 1032.000000
0.013733 -0.018313 1032.000000
0.013541 -0.016243 1032.000000
0.011606 -0.015483 1032.000000
0.010684 -0.013620 1032.000000
0.010537 -0.011546 1032.000000
0.008569 -0.010875 1032.000000
0.006676 -0.010015 1032.000000
0.007032 -0.007967 1032.000000
0.008466 -0.006461 1032.000000
0.009606 -0.004723 1032.000000
0.010511 -0.002851 1032.000000
0.011831 -0.001246 1032.000000
0.013902 -0.001066 1032.000000
0.015379 -0.002530 1032.000000
0.017156 -0.003608 1032.000000
0.019020 -0.002686 1032.000000
0.021043 -0.002209 1032.000000
0.022697 -0.003469 1032.000000
0.024775 -0.003431 1032.000000
0.026574 -0.002388 1032.000000
0.028601 -0.002849 1032.000000
0.030485 -0.001970 1032.000000
0.030884 -0.004011 1032.000000
0.028805 -0.003978 1032.000000
0.029888 -0.005752 1032.000000
0.031864 -0.005105 1032.000000
0.032757 -0.003228 1032.000000
0.033330 -0.001230 1032.000000
0.034535 0.000464 1032.000000
0.034977 0.002496 1032.000000
0.033430 0.003884 1032.000000

