0.033520 0.001292 888.000000
0.031835 0.001476 888.000000
0.030377 0.002342 888.000000
0.028853 0.003085 888.000000
0.027604 0.001938 888.000000
0.025989 0.001422 888.000000
0.025473 0.003037 888.000000
0.024292 0.004254 888.000000
0.023390 0.002818 888.000000
0.021935 0.001949 888.000000
0.020791 0.003201 888.000000
0.019107 0.003001 888.000000
0.017769 0.001960 888.000000
0.016203 0.002612 888.000000
0.014564 0.003044 888.000000
0.013391 0.001819 888.000000
0.011920 0.000977 888.000000
0.010576 0.002011 888.000000
0.009995 0.003604 888.000000
0.009307 0.005154 888.000000
0.008409 0.006592 888.000000
0.007475 0.008007 888.000000
0.006968 0.009625 888.000000
0.007797 0.011104 888.000000
0.009441 0.011518 888.000000
0.010919 0.012349 888.000000
0.011059 0.014039 888.000000
0.011464 0.015686 888.000000
0.013009 0.016383 888.000000
0.013943 0.017799 888.000000
0.013792 0.019488 888.000000
0.015292 0.020278 888.000000
0.016552 0.021413 888.000000
0.015088 0.022268 888.000000
0.014555 0.023878 888.000000
0.016249 0.023819 888.000000
0.017922 0.024096 888.000000
0.017935 0.025792 888.000000
0.017099 0.027266 888.000000
0.016669 0.028907 888.000000
0.015459 0.030095 888.000000
0.014569 0.028652 888.000000
0.013183 0.027676 888.000000
0.011749 0.026771 888.000000
0.012124 0.025117 888.000000
0.012699 0.023522 888.000000
0.011027 0.023237 888.000000
0.010059 0.024628 888.000000
0.008389 0.024331 888.000000
0.009253 0.022872 888.000000
0.009259 0.021176 888.000000
0.007793 0.020323 888.000000
0.007589 0.018640 888.000000
0.007449 0.016950 888.000000
0.005985 0.016095 888.000000
0.004939 0.014761 888.000000
0.005410 0.013132 888.000000
0.005466 0.011437 888.000000
0.004073 0.010471 888.000000
0.002377 0.010477 888.000000
0.000687 0.010618 888.000000
-0.001008 0.010589 888.000000
-0.002688 0.010357 888.000000
-0.004383 0.010383 888.000000
-0.005459 0.011693 888.000000
-0.004967 0.013316 888.000000
-0.005011 0.015011 888.000000
-0.006475 0.015867 888.000000
-0.007442 0.017259 888.000000
-0.007119 0.018924 888.000000
-0.008325 0.020115 888.000000
-0.009789 0.020971 888.000000
-0.009049 0.022497 888.000000
-0.009409 0.024154 888.000000
-0.010928 0.023401 888.000000
-0.012577 0.023798 888.000000
-0.012052 0.025410 888.000000
-0.011949 0.027103 888.000000
-0.013467 0.027859 888.000000
-0.014867 0.028815 888.000000
-0.016027 0.030052 888.000000
-0.016874 0.028583 888.000000
-0.017214 0.026922 888.000000
-0.017975 0.025407 888.000000
-0.017544 0.023767 888.000000
-0.015849 0.023760 888.000000
-0.014223 0.023281 888.000000
-0.015281 0.021956 888.000000
-0.016572 0.020857 888.000000
-0.015094 0.020026 888.000000
-0.013700 0.019061 888.000000
-0.013846 0.017372 888.000000
-0.012689 0.016133 888.000000
-0.011201 0.015320 888.000000
-0.011000 0.013636 888.000000
-0.010625 0.011983 888.000000
-0.009042 0.011374 888.000000
-0.007456 0.010776 888.000000
-0.006983 0.009148 888.000000
-0.007694 0.007609 888.000000
-0.008654 0.006211 888.000000
-0.009514 0.004750 888.000000
-0.010170 0.003186 888.000000
-0.010900 0.001656 888.000000
-0.012477 0.001033 888.000000
-0.013765 0.002136 888.000000
-0.015133 0.003137 888.000000
-0.016679 0.002440 888.000000
-0.018338 0.002090 888.000000
-0.019625 0.003194 888.000000
-0.021308 0.002992 888.000000
-0.022674 0.001987 888.000000
-0.023816 0.003240 888.000000
-0.025302 0.004056 888.000000
-0.025648 0.002396 888.000000
-0.026649 0.001027 888.000000
-0.027911 0.002160 888.000000
-0.029265 0.003180 888.000000
-0.030736 0.002337 888.000000
-0.032254 0.001581 888.000000
-0.033927 0.001300 888.000000
-0.033229 -0.000245 888.000000
-0.031965 -0.001376 888.000000
-0.031041 -0.002798 888.000000
-0.029428 -0.003319 888.000000
-0.028512 -0.001893 888.000000
-0.027349 -0.000658 888.000000
-0.026623 -0.002191 888.000000
-0.026452 -0.003878 888.000000
-0.024927 -0.003136 888.000000
-0.023409 -0.002382 888.000000
-0.021989 -0.003308 888.000000
-0.020336 -0.002931 888.000000
-0.018883 -0.002056 888.000000
-0.017316 -0.002704 888.000000
-0.015692 -0.003192 888.000000
-0.014364 -0.002138 888.000000
-0.013036 -0.001084 888.000000
-0.011395 -0.001511 888.000000
-0.010421 -0.002899 888.000000
-0.009686 -0.004427 888.000000
-0.008845 -0.005900 888.000000
-0.007822 -0.007252 888.000000
-0.006891 -0.008669 888.000000
-0.007200 -0.010336 888.000000
-0.008805 -0.010883 888.000000
-0.010327 -0.011630 888.000000
-0.010473 -0.013319 888.000000
-0.011066 -0.014907 888.000000
-0.012659 -0.015490 888.000000
-0.013240 -0.017083 888.000000
-0.013078 -0.018771 888.000000
-0.014729 -0.019157 888.000000
-0.016080 -0.020182 888.000000
-0.014823 -0.021320 888.000000
-0.014604 -0.023001 888.000000
-0.016279 -0.023265 888.000000
-0.017656 -0.024254 888.000000
-0.017369 -0.025925 888.000000
-0.017391 -0.027621 888.000000
-0.017636 -0.029298 888.000000
-0.015974 -0.028961 888.000000
-0.014435 -0.028250 888.000000
-0.012754 -0.028024 888.000000
-0.011860 -0.026583 888.000000
-0.012787 -0.025163 888.000000
-0.012190 -0.023576 888.000000
-0.010678 -0.024343 888.000000
-0.009221 -0.023475 888.000000
-0.009896 -0.021919 888.000000
-0.008865 -0.020573 888.000000
-0.007430 -0.019669 888.000000
-0.007531 -0.017977 888.000000
-0.006973 -0.016375 888.000000
-0.005473 -0.015584 888.000000
-0.004918 -0.013982 888.000000
-0.005477 -0.012382 888.000000
-0.004904 -0.010786 888.000000
-0.003261 -0.010369 888.000000
-0.001574 -0.010541 888.000000
0.000120 -0.010626 888.000000
0.001812 -0.010521 888.000000
0.003502 -0.010387 888.000000
0.005093 -0.010973 888.000000
0.005462 -0.012628 888.000000
0.004915 -0.014233 888.000000
0.005644 -0.015764 888.000000
0.007138 -0.016566 888.000000
0.007554 -0.018209 888.000000
0.007569 -0.019905 888.000000
0.009077 -0.020679 888.000000
0.009945 -0.022136 888.000000
0.009156 -0.023637 888.000000
0.010629 -0.024477 888.000000
0.012135 -0.023697 888.000000
0.012760 -0.025273 888.000000
0.011863 -0.026712 888.000000
0.012826 -0.028108 888.000000
0.014512 -0.028291 888.000000
0.016080 -0.028935 888.000000
0.017754 -0.029201 888.000000
0.017460 -0.027531 888.000000
0.017386 -0.025837 888.000000
0.017623 -0.024158 888.000000
0.016204 -0.023231 888.000000
0.014531 -0.022955 888.000000
0.014808 -0.021283 888.000000
0.016103 -0.020187 888.000000
0.014764 -0.019147 888.000000
0.013102 -0.018810 888.000000
0.013257 -0.017122 888.000000
0.012702 -0.015520 888.000000
0.011102 -0.014958 888.000000
0.010484 -0.013379 888.000000
0.010384 -0.011686 888.000000
0.008877 -0.010910 888.000000
0.007253 -0.010425 888.000000
0.006852 -0.008777 888.000000
0.007754 -0.007341 888.000000
0.008784 -0.005995 888.000000
0.009634 -0.004527 888.000000
0.010361 -0.002996 888.000000
0.011286 -0.001574 888.000000
0.012895 -0.001039 888.000000
0.014258 -0.002047 888.000000
0.015526 -0.003172 888.000000
0.017171 -0.002760 888.000000
0.018702 -0.002032 888.000000
0.020179 -0.002865 888.000000
0.021811 -0.003326 888.000000
0.023169 -0.002312 888.000000
0.024761 -0.002896 888.000000
0.026105 -0.003930 888.000000
0.026687 -0.002337 888.000000
0.027286 -0.000751 888.000000
0.028540 -0.001892 888.000000
0.029359 -0.003376 888.000000
0.031023 -0.003051 888.000000
0.031960 -0.001638 888.000000
0.033045 -0.000336 888.000000
0.033520 0.001292 888.000000

