0.032680 0.002962 960.000000
0.031039 0.002084 960.000000
0.029459 0.003067 960.000000
0.027602 0.002940 960.000000
0.026395 0.001523 960.000000
0.024848 0.002557 960.000000
0.024608 0.004403 960.000000
0.022818 0.003896 960.000000
0.022480 0.002066 960.000000
0.020648 0.002392 960.000000
0.019274 0.003647 960.000000
0.017851 0.002448 960.000000
0.016040 0.002018 960.000000
0.014494 0.003054 960.000000
0.012844 0.002193 960.000000
0.011463 0.000945 960.000000
0.010011 0.002109 960.000000
0.009780 0.003956 960.000000
0.009120 0.005696 960.000000
0.008096 0.007250 960.000000
0.007266 0.008916 960.000000
0.007318 0.010776 960.000000
0.008729 0.011989 960.000000
0.010552 0.012362 960.000000
0.011895 0.013651 960.000000
0.011830 0.015511 960.000000
0.012539 0.017231 960.000000
0.014254 0.017955 960.000000
0.015101 0.019612 960.000000
0.015023 0.021471 960.000000
0.016314 0.022812 960.000000
0.016277 0.024673 960.000000
0.015091 0.026107 960.000000
0.016933 0.025844 960.000000
0.017362 0.024033 960.000000
0.019206 0.024280 960.000000
0.018938 0.026121 960.000000
0.017638 0.027453 960.000000
0.016810 0.029120 960.000000
0.015971 0.030781 960.000000
0.014123 0.031008 960.000000
0.014049 0.029148 960.000000
0.012753 0.027812 960.000000
0.011346 0.026594 960.000000
0.012082 0.024885 960.000000
0.013085 0.023317 960.000000
0.011430 0.022467 960.000000
0.010602 0.024134 960.000000
0.010365 0.025980 960.000000
0.008528 0.026280 960.000000
0.009180 0.024537 960.000000
0.009205 0.022676 960.000000
0.008043 0.021223 960.000000
0.008233 0.019371 960.000000
0.007652 0.017604 960.000000
0.005964 0.016819 960.000000
0.005136 0.015152 960.000000
0.005776 0.013404 960.000000
0.005616 0.011550 960.000000
0.004019 0.010594 960.000000
0.002158 0.010569 960.000000
0.000300 0.010677 960.000000
-0.001552 0.010497 960.000000
-0.003360 0.010058 960.000000
-0.005119 0.010668 960.000000
-0.005078 0.012529 960.000000
-0.004596 0.014327 960.000000
-0.006031 0.015512 960.000000
-0.007336 0.016839 960.000000
-0.006946 0.018659 960.000000
-0.008154 0.020074 960.000000
-0.009795 0.020953 960.000000
-0.008817 0.022536 960.000000
-0.008921 0.024394 960.000000
-0.010540 0.023476 960.000000
-0.012395 0.023326 960.000000
-0.012017 0.025148 960.000000
-0.011464 0.026925 960.000000
-0.012962 0.028028 960.000000
-0.014271 0.029352 960.000000
-0.014534 0.031194 960.000000
-0.016305 0.030621 960.000000
-0.016965 0.028881 960.000000
-0.017793 0.027215 960.000000
-0.018991 0.025790 960.000000
-0.018800 0.023939 960.000000
-0.016952 0.024158 960.000000
-0.016399 0.025935 960.000000
-0.014848 0.024906 960.000000
-0.016515 0.024078 960.000000
-0.016203 0.022244 960.000000
-0.014994 0.020829 960.000000
-0.015025 0.018968 960.000000
-0.013805 0.017562 960.000000
-0.012131 0.016750 960.000000
-0.011759 0.014926 960.000000
-0.011591 0.013073 960.000000
-0.009988 0.012127 960.000000
-0.008184 0.011670 960.000000
-0.007126 0.010139 960.000000
-0.007467 0.008309 960.000000
-0.008424 0.006713 960.000000
-0.009394 0.005125 960.000000
-0.009927 0.003342 960.000000
-0.010437 0.001552 960.000000
-0.012251 0.001137 960.000000
-0.013411 0.002592 960.000000
-0.015244 0.002919 960.000000
-0.016818 0.001927 960.000000
-0.018465 0.002794 960.000000
-0.020193 0.003485 960.000000
-0.021475 0.002135 960.000000
-0.023167 0.002910 960.000000
-0.023755 0.004676 960.000000
-0.025305 0.003646 960.000000
-0.025301 0.001785 960.000000
-0.027160 0.001710 960.000000
-0.028267 0.003206 960.000000
-0.030065 0.002727 960.000000
-0.031649 0.001751 960.000000
-0.033024 0.003005 960.000000
-0.034551 0.001942 960.000000
-0.033723 0.000275 960.000000
-0.032692 -0.001274 960.000000
-0.032228 -0.003076 960.000000
-0.030937 -0.004417 960.000000
-0.029650 -0.003073 960.000000
-0.030825 -0.001629 960.000000
-0.029252 -0.000635 960.000000
-0.028889 -0.002461 960.000000
-0.027061 -0.002809 960.000000
-0.025206 -0.002655 960.000000
-0.023596 -0.003587 960.000000
-0.021817 -0.003040 960.000000
-0.020188 -0.002141 960.000000
-0.018474 -0.002867 960.000000
-0.016692 -0.003404 960.000000
-0.015185 -0.002311 960.000000
-0.013750 -0.001127 960.000000
-0.011904 -0.001359 960.000000
-0.010653 -0.002737 960.000000
-0.009784 -0.004383 960.000000
-0.008820 -0.005975 960.000000
-0.007528 -0.007315 960.000000
-0.006573 -0.008912 960.000000
-0.007722 -0.010375 960.000000
-0.009549 -0.010731 960.000000
-0.010304 -0.012432 960.000000
-0.010551 -0.014277 960.000000
-0.012255 -0.015025 960.000000
-0.013255 -0.016595 960.000000
-0.012907 -0.018423 960.000000
-0.014671 -0.019015 960.000000
-0.016342 -0.019835 960.000000
-0.015016 -0.021141 960.000000
-0.014592 -0.022953 960.000000
-0.016441 -0.023164 960.000000
-0.018036 -0.024123 960.000000
-0.017717 -0.025957 960.000000
-0.017944 -0.027804 960.000000
-0.019053 -0.029298 960.000000
-0.017273 -0.029842 960.000000
-0.015572 -0.029087 960.000000
-0.013717 -0.028936 960.000000
-0.011922 -0.028445 960.000000
-0.012182 -0.026602 960.000000
-0.013536 -0.025326 960.000000
-0.011879 -0.024479 960.000000
-0.010133 -0.025125 960.000000
-0.009889 -0.023280 960.000000
-0.009508 -0.021458 960.000000
-0.007868 -0.020579 960.000000
-0.007593 -0.018738 960.000000
-0.007315 -0.016898 960.000000
-0.005717 -0.015945 960.000000
-0.004902 -0.014272 960.000000
-0.005484 -0.012504 960.000000
-0.004866 -0.010749 960.000000
-0.003044 -0.010366 960.000000
-0.001196 -0.010585 960.000000
0.000664 -0.010632 960.000000
0.002520 -0.010496 960.000000
0.004376 -0.010633 960.000000
0.005648 -0.011992 960.000000
0.005305 -0.013822 960.000000
0.005221 -0.015681 960.000000
0.006707 -0.016802 960.000000
0.007952 -0.018185 960.000000
0.007781 -0.020038 960.000000
0.008841 -0.021568 960.000000
0.010332 -0.022682 960.000000
0.010008 -0.024515 960.000000
0.011383 -0.025769 960.000000
0.012996 -0.024840 960.000000
0.013236 -0.026685 960.000000
0.011694 -0.027727 960.000000
0.012703 -0.029290 960.000000
0.014541 -0.028997 960.000000
0.016395 -0.029155 960.000000
0.018207 -0.029582 960.000000
0.019538 -0.028282 960.000000
0.018108 -0.027091 960.000000
0.017789 -0.025258 960.000000
0.017567 -0.023410 960.000000
0.015762 -0.022956 960.000000
0.014155 -0.022016 960.000000
0.015361 -0.020599 960.000000
0.016114 -0.018897 960.000000
0.014254 -0.018831 960.000000
0.012641 -0.017903 960.000000
0.013206 -0.016130 960.000000
0.011927 -0.014779 960.000000
0.010273 -0.013925 960.000000
0.010232 -0.012065 960.000000
0.009242 -0.010489 960.000000
0.007400 -0.010229 960.000000
0.006524 -0.008586 960.000000
0.007675 -0.007123 960.000000
0.008972 -0.005789 960.000000
0.009899 -0.004175 960.000000
0.010775 -0.002533 960.000000
0.012092 -0.001218 960.000000
0.013952 -0.001153 960.000000
0.015313 -0.002422 960.000000
0.016852 -0.003468 960.000000
0.018595 -0.002816 960.000000
0.020316 -0.002108 960.000000
0.021913 -0.003064 960.000000
0.023717 -0.003520 960.000000
0.025278 -0.002507 960.000000
0.027120 -0.002776 960.000000
0.028966 -0.002539 960.000000
0.029263 -0.000702 960.000000
0.030790 -0.001765 960.000000
0.029477 -0.003083 960.000000
0.030585 -0.004579 960.000000
0.032083 -0.003475 960.000000
0.032663 -0.001706 960.000000
0.033474 -0.000031 960.000000
0.034075 0.001730 960.000000
0.032680 0.002962 960.000000

