0.032991 0.002982 968.000000
0.031330 0.002113 968.000000
0.029697 0.003032 968.000000
0.027823 0.003067 968.000000
0.026667 0.001591 968.000000
0.024978 0.002403 968.000000
0.024838 0.004272 968.000000
0.022970 0.004120 968.000000
0.022638 0.002275 968.000000
0.020766 0.002367 968.000000
0.019400 0.003649 968.000000
0.017927 0.002490 968.000000
0.016117 0.002006 968.000000
0.014562 0.003053 968.000000
0.012882 0.002221 968.000000
0.011508 0.000947 968.000000
0.010022 0.002089 968.000000
0.009783 0.003948 968.000000
0.009119 0.005701 968.000000
0.008088 0.007266 968.000000
0.007260 0.008947 968.000000
0.007339 0.010820 968.000000
0.008784 0.012014 968.000000
0.010619 0.012394 968.000000
0.011933 0.013730 968.000000
0.011852 0.015602 968.000000
0.012626 0.017309 968.000000
0.014354 0.018035 968.000000
0.015139 0.019737 968.000000
0.015087 0.021610 968.000000
0.016380 0.022967 968.000000
0.016197 0.024832 968.000000
0.015073 0.026332 968.000000
0.016904 0.025932 968.000000
0.017269 0.024094 968.000000
0.019143 0.024116 968.000000
0.019057 0.025988 968.000000
0.017768 0.027348 968.000000
0.016917 0.029018 968.000000
0.016154 0.030730 968.000000
0.014381 0.031337 968.000000
0.014126 0.029480 968.000000
0.012940 0.028030 968.000000
0.011425 0.026926 968.000000
0.011944 0.025125 968.000000
0.013103 0.023652 968.000000
0.011538 0.022621 968.000000
0.010659 0.024276 968.000000
0.010277 0.026111 968.000000
0.008437 0.026465 968.000000
0.008989 0.024674 968.000000
0.009208 0.022813 968.000000
0.008114 0.021291 968.000000
0.008239 0.019421 968.000000
0.007678 0.017633 968.000000
0.005978 0.016842 968.000000
0.005133 0.015169 968.000000
0.005774 0.013408 968.000000
0.005609 0.011541 968.000000
0.003995 0.010588 968.000000
0.002121 0.010570 968.000000
0.000250 0.010677 968.000000
-0.001614 0.010487 968.000000
-0.003440 0.010063 968.000000
-0.005180 0.010761 968.000000
-0.005062 0.012631 968.000000
-0.004637 0.014457 968.000000
-0.006122 0.015600 968.000000
-0.007375 0.016994 968.000000
-0.006984 0.018827 968.000000
-0.008276 0.020184 968.000000
-0.009844 0.021210 968.000000
-0.008759 0.022739 968.000000
-0.009218 0.024556 968.000000
-0.010716 0.023430 968.000000
-0.012585 0.023577 968.000000
-0.011956 0.025342 968.000000
-0.011529 0.027167 968.000000
-0.013099 0.028191 968.000000
-0.014326 0.029608 968.000000
-0.014722 0.031440 968.000000
-0.016408 0.030620 968.000000
-0.017030 0.028852 968.000000
-0.017867 0.027175 968.000000
-0.019060 0.025730 968.000000
-0.018800 0.023874 968.000000
-0.016946 0.024149 968.000000
-0.016408 0.025945 968.000000
-0.014831 0.024933 968.000000
-0.016510 0.024099 968.000000
-0.016217 0.022248 968.000000
-0.015003 0.020820 968.000000
-0.015030 0.018946 968.000000
-0.013791 0.017541 968.000000
-0.012109 0.016714 968.000000
-0.011756 0.014873 968.000000
-0.011557 0.013009 968.000000
-0.009920 0.012096 968.000000
-0.008108 0.011616 968.000000
-0.007106 0.010032 968.000000
-0.007510 0.008202 968.000000
-0.008491 0.006605 968.000000
-0.009452 0.004996 968.000000
-0.009972 0.003196 968.000000
-0.010584 0.001424 968.000000
-0.012446 0.001214 968.000000
-0.013591 0.002699 968.000000
-0.015456 0.002878 968.000000
-0.017070 0.001925 968.000000
-0.018675 0.002893 968.000000
-0.020472 0.003425 968.000000
-0.021790 0.002093 968.000000
-0.023351 0.003130 968.000000
-0.024185 0.004808 968.000000
-0.025437 0.003414 968.000000
-0.025589 0.001546 968.000000
-0.027435 0.001869 968.000000
-0.028604 0.003334 968.000000
-0.030342 0.002631 968.000000
-0.032036 0.001830 968.000000
-0.033428 0.003085 968.000000
-0.034690 0.001700 968.000000
-0.033688 0.000116 968.000000
-0.032656 -0.001449 968.000000
-0.032178 -0.003261 968.000000
-0.030749 -0.004474 968.000000
-0.029654 -0.002953 968.000000
-0.030879 -0.001535 968.000000
-0.029273 -0.000569 968.000000
-0.028941 -0.002414 968.000000
-0.027111 -0.002818 968.000000
-0.025244 -0.002658 968.000000
-0.023622 -0.003597 968.000000
-0.021829 -0.003053 968.000000
-0.020189 -0.002145 968.000000
-0.018463 -0.002875 968.000000
-0.016666 -0.003406 968.000000
-0.015158 -0.002292 968.000000
-0.013703 -0.001112 968.000000
-0.011849 -0.001387 968.000000
-0.010613 -0.002796 968.000000
-0.009744 -0.004456 968.000000
-0.008762 -0.006053 968.000000
-0.007462 -0.007403 968.000000
-0.006584 -0.009059 968.000000
-0.007843 -0.010447 968.000000
-0.009677 -0.010831 968.000000
-0.010349 -0.012581 968.000000
-0.010671 -0.014427 968.000000
-0.012402 -0.015146 968.000000
-0.013300 -0.016791 968.000000
-0.013053 -0.018649 968.000000
-0.014874 -0.019092 968.000000
-0.016403 -0.020177 968.000000
-0.014924 -0.021328 968.000000
-0.014792 -0.023198 968.000000
-0.016666 -0.023225 968.000000
-0.018142 -0.024380 968.000000
-0.017752 -0.026214 968.000000
-0.018186 -0.028037 968.000000
-0.019166 -0.029635 968.000000
-0.017307 -0.029877 968.000000
-0.015611 -0.029079 968.000000
-0.013739 -0.028984 968.000000
-0.011907 -0.028588 968.000000
-0.012115 -0.026726 968.000000
-0.013646 -0.025644 968.000000
-0.012174 -0.024484 968.000000
-0.010515 -0.025357 968.000000
-0.009932 -0.023576 968.000000
-0.009686 -0.021718 968.000000
-0.008036 -0.020827 968.000000
-0.007626 -0.018999 968.000000
-0.007461 -0.017132 968.000000
-0.005880 -0.016125 968.000000
-0.004919 -0.014516 968.000000
-0.005482 -0.012728 968.000000
-0.005036 -0.010908 968.000000
-0.003239 -0.010378 968.000000
-0.001375 -0.010573 968.000000
0.000498 -0.010637 968.000000
0.002367 -0.010497 968.000000
0.004240 -0.010570 968.000000
0.005605 -0.011854 968.000000
0.005316 -0.013706 968.000000
0.005166 -0.015574 968.000000
0.006634 -0.016740 968.000000
0.007920 -0.018103 968.000000
0.007754 -0.019970 968.000000
0.008792 -0.021530 968.000000
0.010303 -0.022639 968.000000
0.009977 -0.024484 968.000000
0.011330 -0.025782 968.000000
0.012944 -0.024830 968.000000
0.013212 -0.026685 968.000000
0.011642 -0.027708 968.000000
0.012611 -0.029312 968.000000
0.014466 -0.029044 968.000000
0.016334 -0.029195 968.000000
0.018145 -0.029679 968.000000
0.019660 -0.028576 968.000000
0.018299 -0.027287 968.000000
0.017856 -0.025466 968.000000
0.017752 -0.023595 968.000000
0.015966 -0.023026 968.000000
0.014229 -0.022322 968.000000
0.015267 -0.020762 968.000000
0.016307 -0.019202 968.000000
0.014460 -0.018884 968.000000
0.012742 -0.018133 968.000000
0.013257 -0.016331 968.000000
0.012069 -0.014881 968.000000
0.010375 -0.014079 968.000000
0.010278 -0.012208 968.000000
0.009368 -0.010569 968.000000
0.007512 -0.010305 968.000000
0.006515 -0.008718 968.000000
0.007611 -0.007198 968.000000
0.008922 -0.005858 968.000000
0.009865 -0.004239 968.000000
0.010740 -0.002581 968.000000
0.012046 -0.001237 968.000000
0.013918 -0.001141 968.000000
0.015296 -0.002411 968.000000
0.016841 -0.003473 968.000000
0.018597 -0.002820 968.000000
0.020333 -0.002113 968.000000
0.021937 -0.003083 968.000000
0.023758 -0.003526 968.000000
0.025331 -0.002507 968.000000
0.027184 -0.002787 968.000000
0.029032 -0.002475 968.000000
0.029312 -0.000622 968.000000
0.030855 -0.001685 968.000000
0.029498 -0.002978 968.000000
0.030424 -0.004608 968.000000
0.032027 -0.003636 968.000000
0.032643 -0.001866 968.000000
0.033464 -0.000182 968.000000
0.034194 0.001545 968.000000
0.032991 0.002982 968.000000

