0.032481 0.000029 784.000000
0.031339 0.001055 784.000000
0.030126 0.001995 784.000000
0.028694 0.002548 784.000000
0.027468 0.001624 784.000000
0.026010 0.001144 784.000000
0.025390 0.002548 784.000000
0.024398 0.003719 784.000000
0.023349 0.002598 784.000000
0.021985 0.001894 784.000000
0.020896 0.002977 784.000000
0.019362 0.002965 784.000000
0.018171 0.001996 784.000000
0.016680 0.002362 784.000000
0.015308 0.003049 784.000000
0.013983 0.002273 784.000000
0.012914 0.001172 784.000000
0.011387 0.001322 784.000000
0.010476 0.002557 784.000000
0.009862 0.003964 784.000000
0.009161 0.005329 784.000000
0.008324 0.006616 784.000000
0.007415 0.007853 784.000000
0.006837 0.009275 784.000000
0.007534 0.010643 784.000000
0.009027 0.010997 784.000000
0.010335 0.011800 784.000000
0.010398 0.013334 784.000000
0.010867 0.014795 784.000000
0.012305 0.015333 784.000000
0.013036 0.016682 784.000000
0.012664 0.018171 784.000000
0.013985 0.018953 784.000000
0.015462 0.019368 784.000000
0.014866 0.020783 784.000000
0.014014 0.022060 784.000000
0.015213 0.023018 784.000000
0.016611 0.023652 784.000000
0.016791 0.025176 784.000000
0.016566 0.026694 784.000000
0.016161 0.028175 784.000000
0.014717 0.027654 784.000000
0.013300 0.027065 784.000000
0.012126 0.026076 784.000000
0.012306 0.024552 784.000000
0.011886 0.023075 784.000000
0.010362 0.023258 784.000000
0.008926 0.022717 784.000000
0.009521 0.021302 784.000000
0.009230 0.019794 784.000000
0.007729 0.019473 784.000000
0.007087 0.018079 784.000000
0.007300 0.016559 784.000000
0.006168 0.015522 784.000000
0.004930 0.014615 784.000000
0.005045 0.013085 784.000000
0.005403 0.011592 784.000000
0.004395 0.010434 784.000000
0.002863 0.010351 784.000000
0.001339 0.010536 784.000000
-0.000195 0.010597 784.000000
-0.001727 0.010504 784.000000
-0.003254 0.010352 784.000000
-0.004759 0.010656 784.000000
-0.005470 0.012016 784.000000
-0.004990 0.013474 784.000000
-0.005142 0.015001 784.000000
-0.006469 0.015773 784.000000
-0.007425 0.016973 784.000000
-0.007160 0.018485 784.000000
-0.008061 0.019727 784.000000
-0.009520 0.020205 784.000000
-0.009403 0.021736 784.000000
-0.009170 0.023253 784.000000
-0.010704 0.023267 784.000000
-0.012239 0.023281 784.000000
-0.012332 0.024813 784.000000
-0.012238 0.026345 784.000000
-0.013519 0.027191 784.000000
-0.014956 0.027729 784.000000
-0.016470 0.027983 784.000000
-0.016611 0.026454 784.000000
-0.016787 0.024929 784.000000
-0.016441 0.023434 784.000000
-0.015002 0.022899 784.000000
-0.013951 0.021781 784.000000
-0.014951 0.020617 784.000000
-0.015411 0.019152 784.000000
-0.013902 0.018871 784.000000
-0.012622 0.018024 784.000000
-0.013018 0.016541 784.000000
-0.012201 0.015242 784.000000
-0.010768 0.014690 784.000000
-0.010376 0.013206 784.000000
-0.010262 0.011676 784.000000
-0.008910 0.010949 784.000000
-0.007426 0.010558 784.000000
-0.006831 0.009143 784.000000
-0.007473 0.007749 784.000000
-0.008392 0.006520 784.000000
-0.009220 0.005227 784.000000
-0.009913 0.003858 784.000000
-0.010532 0.002453 784.000000
-0.011493 0.001257 784.000000
-0.013028 0.001217 784.000000
-0.014069 0.002345 784.000000
-0.015430 0.003054 784.000000
-0.016781 0.002324 784.000000
-0.018285 0.002020 784.000000
-0.019465 0.003002 784.000000
-0.020998 0.002932 784.000000
-0.022084 0.001847 784.000000
-0.023424 0.002594 784.000000
-0.024518 0.003671 784.000000
-0.025454 0.002454 784.000000
-0.026175 0.001099 784.000000
-0.027589 0.001695 784.000000
-0.028853 0.002566 784.000000
-0.030248 0.001925 784.000000
-0.031442 0.000961 784.000000
-0.032481 -0.000169 784.000000
-0.031274 -0.001116 784.000000
-0.030048 -0.002041 784.000000
-0.028598 -0.002543 784.000000
-0.027414 -0.001566 784.000000
-0.025959 -0.001078 784.000000
-0.025411 -0.002512 784.000000
-0.024668 -0.003855 784.000000
-0.023494 -0.002866 784.000000
-0.022290 -0.001915 784.000000
-0.021105 -0.002891 784.000000
-0.019578 -0.003045 784.000000
-0.018405 -0.002054 784.000000
-0.016888 -0.002287 784.000000
-0.015557 -0.003052 784.000000
-0.014161 -0.002415 784.000000
-0.013141 -0.001267 784.000000
-0.011608 -0.001203 784.000000
-0.010593 -0.002355 784.000000
-0.009962 -0.003754 784.000000
-0.009277 -0.005127 784.000000
-0.008457 -0.006425 784.000000
-0.007533 -0.007651 784.000000
-0.006836 -0.009018 784.000000
-0.007330 -0.010472 784.000000
-0.008802 -0.010907 784.000000
-0.010188 -0.011566 784.000000
-0.010356 -0.013091 784.000000
-0.010681 -0.014592 784.000000
-0.012104 -0.015167 784.000000
-0.012999 -0.016414 784.000000
-0.012527 -0.017875 784.000000
-0.013687 -0.018880 784.000000
-0.015212 -0.019051 784.000000
-0.014980 -0.020568 784.000000
-0.014023 -0.021768 784.000000
-0.015056 -0.022903 784.000000
-0.016477 -0.023483 784.000000
-0.016789 -0.024986 784.000000
-0.016604 -0.026509 784.000000
-0.016406 -0.028031 784.000000
-0.014904 -0.027715 784.000000
-0.013471 -0.027166 784.000000
-0.012210 -0.026291 784.000000
-0.012334 -0.024761 784.000000
-0.012202 -0.023232 784.000000
-0.010668 -0.023263 784.000000
-0.009133 -0.023227 784.000000
-0.009394 -0.021714 784.000000
-0.009494 -0.020182 784.000000
-0.008034 -0.019710 784.000000
-0.007152 -0.018454 784.000000
-0.007417 -0.016942 784.000000
-0.006446 -0.015753 784.000000
-0.005123 -0.014974 784.000000
-0.004993 -0.013444 784.000000
-0.005468 -0.011985 784.000000
-0.004734 -0.010637 784.000000
-0.003226 -0.010351 784.000000
-0.001699 -0.010507 784.000000
-0.000166 -0.010597 784.000000
0.001367 -0.010534 784.000000
0.002891 -0.010350 784.000000
0.004423 -0.010448 784.000000
0.005411 -0.011623 784.000000
0.005040 -0.013112 784.000000
0.004942 -0.014644 784.000000
0.006189 -0.015540 784.000000
0.007310 -0.016588 784.000000
0.007089 -0.018107 784.000000
0.007750 -0.019492 784.000000
0.009241 -0.019858 784.000000
0.009438 -0.021381 784.000000
0.008874 -0.022808 784.000000
0.010341 -0.023260 784.000000
0.011853 -0.022998 784.000000
0.012318 -0.024461 784.000000
0.012086 -0.025978 784.000000
0.013218 -0.027015 784.000000
0.014627 -0.027625 784.000000
0.016034 -0.028238 784.000000
0.016539 -0.026789 784.000000
0.016789 -0.025274 784.000000
0.016670 -0.023744 784.000000
0.015300 -0.023052 784.000000
0.014088 -0.022111 784.000000
0.014873 -0.020792 784.000000
0.015331 -0.019327 784.000000
0.013834 -0.018987 784.000000
0.012581 -0.018101 784.000000
0.013026 -0.016632 784.000000
0.012263 -0.015300 784.000000
0.010828 -0.014755 784.000000
0.010388 -0.013285 784.000000
0.010306 -0.011752 784.000000
0.008980 -0.010978 784.000000
0.007491 -0.010609 784.000000
0.006835 -0.009221 784.000000
0.007439 -0.007811 784.000000
0.008352 -0.006576 784.000000
0.009185 -0.005287 784.000000
0.009883 -0.003920 784.000000
0.010500 -0.002515 784.000000
0.011434 -0.001297 784.000000
0.012966 -0.001194 784.000000
0.014024 -0.002306 784.000000
0.015366 -0.003051 784.000000
0.016729 -0.002344 784.000000
0.018227 -0.002009 784.000000
0.019413 -0.002983 784.000000
0.020947 -0.002955 784.000000
0.022050 -0.001887 784.000000
0.023390 -0.002635 784.000000
0.024476 -0.003720 784.000000
0.025414 -0.002506 784.000000
0.026063 -0.001115 784.000000
0.027505 -0.001642 784.000000
0.028739 -0.002554 784.000000
0.030161 -0.001975 784.000000
0.031369 -0.001028 784.000000
0.032481 0.000029 784.000000

