0.032431 0.002628 920.000000
0.030786 0.001904 920.000000
0.029325 0.002951 920.000000
0.027535 0.002796 920.000000
0.026324 0.001467 920.000000
0.024833 0.002471 920.000000
0.024572 0.004250 920.000000
0.022815 0.003870 920.000000
0.022385 0.002125 920.000000
0.020613 0.002424 920.000000
0.019255 0.003601 920.000000
0.017883 0.002440 920.000000
0.016144 0.001986 920.000000
0.014676 0.003024 920.000000
0.013027 0.002310 920.000000
0.011819 0.000979 920.000000
0.010215 0.001792 920.000000
0.009875 0.003557 920.000000
0.009321 0.005267 920.000000
0.008364 0.006788 920.000000
0.007439 0.008330 920.000000
0.007089 0.010093 920.000000
0.008064 0.011603 920.000000
0.009804 0.012052 920.000000
0.011416 0.012848 920.000000
0.011677 0.014626 920.000000
0.011843 0.016416 920.000000
0.013396 0.017320 920.000000
0.014711 0.018546 920.000000
0.014569 0.020338 920.000000
0.015655 0.021770 920.000000
0.016756 0.023191 920.000000
0.015202 0.024094 920.000000
0.015485 0.025869 920.000000
0.016680 0.024526 920.000000
0.018394 0.023983 920.000000
0.018767 0.025741 920.000000
0.017597 0.027105 920.000000
0.016721 0.028675 920.000000
0.015910 0.030279 920.000000
0.014113 0.030251 920.000000
0.014031 0.028455 920.000000
0.012559 0.027424 920.000000
0.011357 0.026087 920.000000
0.012276 0.024542 920.000000
0.012903 0.022858 920.000000
0.011130 0.022557 920.000000
0.010506 0.024242 920.000000
0.009987 0.025963 920.000000
0.008480 0.024983 920.000000
0.009622 0.023595 920.000000
0.008960 0.021924 920.000000
0.007867 0.020497 920.000000
0.008167 0.018725 920.000000
0.007256 0.017176 920.000000
0.005626 0.016416 920.000000
0.005156 0.014681 920.000000
0.005825 0.013013 920.000000
0.005413 0.011263 920.000000
0.003772 0.010530 920.000000
0.001975 0.010568 920.000000
0.000180 0.010667 920.000000
-0.001607 0.010481 920.000000
-0.003354 0.010055 920.000000
-0.005068 0.010595 920.000000
-0.005104 0.012392 920.000000
-0.004550 0.014102 920.000000
-0.005858 0.015335 920.000000
-0.007242 0.016482 920.000000
-0.006892 0.018245 920.000000
-0.007829 0.019779 920.000000
-0.009555 0.020281 920.000000
-0.009036 0.022002 920.000000
-0.008320 0.023650 920.000000
-0.010115 0.023555 920.000000
-0.011757 0.022824 920.000000
-0.012162 0.024575 920.000000
-0.011419 0.026212 920.000000
-0.012652 0.027520 920.000000
-0.014176 0.028474 920.000000
-0.014333 0.030264 920.000000
-0.016128 0.030168 920.000000
-0.016816 0.028507 920.000000
-0.017683 0.026933 920.000000
-0.018758 0.025492 920.000000
-0.018065 0.023834 920.000000
-0.016420 0.024558 920.000000
-0.014862 0.025455 920.000000
-0.015358 0.023728 920.000000
-0.016874 0.022762 920.000000
-0.015627 0.021467 920.000000
-0.014634 0.019969 920.000000
-0.014598 0.018172 920.000000
-0.013134 0.017128 920.000000
-0.011670 0.016086 920.000000
-0.011643 0.014289 920.000000
-0.011158 0.012558 920.000000
-0.009468 0.011944 920.000000
-0.007773 0.011347 920.000000
-0.007065 0.009695 920.000000
-0.007602 0.007980 920.000000
-0.008568 0.006464 920.000000
-0.009478 0.004914 920.000000
-0.009968 0.003184 920.000000
-0.010520 0.001474 920.000000
-0.012288 0.001151 920.000000
-0.013391 0.002570 920.000000
-0.015154 0.002918 920.000000
-0.016649 0.001920 920.000000
-0.018279 0.002679 920.000000
-0.019874 0.003506 920.000000
-0.021092 0.002185 920.000000
-0.022867 0.002470 920.000000
-0.023233 0.004230 920.000000
-0.024995 0.003874 920.000000
-0.024932 0.002078 920.000000
-0.026606 0.001424 920.000000
-0.027704 0.002847 920.000000
-0.029501 0.002825 920.000000
-0.030802 0.001584 920.000000
-0.032285 0.002600 920.000000
-0.033963 0.001955 920.000000
-0.033375 0.000256 920.000000
-0.032460 -0.001290 920.000000
-0.031932 -0.003008 920.000000
-0.030440 -0.004012 920.000000
-0.029500 -0.002480 920.000000
-0.029632 -0.000687 920.000000
-0.028122 -0.001662 920.000000
-0.027521 -0.003356 920.000000
-0.025857 -0.002676 920.000000
-0.024069 -0.002861 920.000000
-0.022404 -0.003538 920.000000
-0.020876 -0.002592 920.000000
-0.019128 -0.002173 920.000000
-0.017603 -0.003125 920.000000
-0.015806 -0.003115 920.000000
-0.014563 -0.001817 920.000000
-0.012964 -0.000996 920.000000
-0.011328 -0.001740 920.000000
-0.010328 -0.003234 920.000000
-0.009515 -0.004837 920.000000
-0.008527 -0.006339 920.000000
-0.007292 -0.007645 920.000000
-0.006629 -0.009316 920.000000
-0.007965 -0.010519 920.000000
-0.009722 -0.010897 920.000000
-0.010329 -0.012589 920.000000
-0.010593 -0.014367 920.000000
-0.012249 -0.015067 920.000000
-0.013213 -0.016584 920.000000
-0.012824 -0.018339 920.000000
-0.014495 -0.019000 920.000000
-0.016165 -0.019665 920.000000
-0.015018 -0.021048 920.000000
-0.014433 -0.022748 920.000000
-0.016182 -0.023161 920.000000
-0.017744 -0.024050 920.000000
-0.017525 -0.025834 920.000000
-0.017653 -0.027627 920.000000
-0.018428 -0.029249 920.000000
-0.016635 -0.029380 920.000000
-0.015019 -0.028593 920.000000
-0.013225 -0.028494 920.000000
-0.011768 -0.027442 920.000000
-0.012586 -0.025841 920.000000
-0.012912 -0.024074 920.000000
-0.011148 -0.024420 920.000000
-0.009375 -0.024125 920.000000
-0.009883 -0.022401 920.000000
-0.009042 -0.020812 920.000000
-0.007496 -0.019894 920.000000
-0.007528 -0.018097 920.000000
-0.006963 -0.016391 920.000000
-0.005388 -0.015524 920.000000
-0.004907 -0.013792 920.000000
-0.005467 -0.012084 920.000000
-0.004574 -0.010524 920.000000
-0.002785 -0.010358 920.000000
-0.001002 -0.010592 920.000000
0.000795 -0.010621 920.000000
0.002587 -0.010490 920.000000
0.004379 -0.010631 920.000000
0.005631 -0.011921 920.000000
0.005333 -0.013693 920.000000
0.005162 -0.015483 920.000000
0.006547 -0.016628 920.000000
0.007862 -0.017854 920.000000
0.007737 -0.019647 920.000000
0.008588 -0.021230 920.000000
0.010148 -0.022122 920.000000
0.009958 -0.023910 920.000000
0.010742 -0.025527 920.000000
0.012249 -0.024547 920.000000
0.013539 -0.025799 920.000000
0.012151 -0.026941 920.000000
0.012415 -0.028719 920.000000
0.014213 -0.028746 920.000000
0.016009 -0.028808 920.000000
0.017757 -0.029226 920.000000
0.018882 -0.027824 920.000000
0.017506 -0.026668 920.000000
0.017539 -0.024870 920.000000
0.017098 -0.023128 920.000000
0.015328 -0.022815 920.000000
0.014075 -0.021526 920.000000
0.015432 -0.020347 920.000000
0.015690 -0.018568 920.000000
0.013903 -0.018768 920.000000
0.012521 -0.017619 920.000000
0.013114 -0.015923 920.000000
0.011786 -0.014711 920.000000
0.010207 -0.013852 920.000000
0.010211 -0.012054 920.000000
0.009270 -0.010523 920.000000
0.007488 -0.010293 920.000000
0.006512 -0.008783 920.000000
0.007523 -0.007296 920.000000
0.008787 -0.006018 920.000000
0.009721 -0.004482 920.000000
0.010532 -0.002878 920.000000
0.011637 -0.001461 920.000000
0.013372 -0.000990 920.000000
0.014844 -0.002021 920.000000
0.016130 -0.003277 920.000000
0.017913 -0.003046 920.000000
0.019439 -0.002097 920.000000
0.021138 -0.002683 920.000000
0.022721 -0.003535 920.000000
0.024305 -0.002687 920.000000
0.026101 -0.002602 920.000000
0.027743 -0.003332 920.000000
0.028283 -0.001617 920.000000
0.029504 -0.000298 920.000000
0.029589 -0.002093 920.000000
0.029770 -0.003881 920.000000
0.031545 -0.003598 920.000000
0.032275 -0.001955 920.000000
0.033020 -0.000319 920.000000
0.033693 0.001348 920.000000
0.032431 0.002628 920.000000

