0.032416 0.001326 800.000000
0.030861 0.001571 800.000000
0.029522 0.002401 800.000000
0.027949 0.002448 800.000000
0.026814 0.001357 800.000000
0.025263 0.001628 800.000000
0.025008 0.003182 800.000000
0.023521 0.003698 800.000000
0.022867 0.002265 800.000000
0.021306 0.002059 800.000000
0.020261 0.003237 800.000000
0.018765 0.002746 800.000000
0.017447 0.001884 800.000000
0.016049 0.002609 800.000000
0.014515 0.002963 800.000000
0.013426 0.001826 800.000000
0.012098 0.000981 800.000000
0.010751 0.001795 800.000000
0.010129 0.003241 800.000000
0.009517 0.004692 800.000000
0.008729 0.006055 800.000000
0.007832 0.007349 800.000000
0.007040 0.008710 800.000000
0.007075 0.010284 800.000000
0.008389 0.011152 800.000000
0.009936 0.011444 800.000000
0.010768 0.012781 800.000000
0.010644 0.014350 800.000000
0.011700 0.015518 800.000000
0.013124 0.016191 800.000000
0.013153 0.017765 800.000000
0.013430 0.019315 800.000000
0.015001 0.019409 800.000000
0.015767 0.020785 800.000000
0.014424 0.021607 800.000000
0.014468 0.023180 800.000000
0.016026 0.023409 800.000000
0.017187 0.024472 800.000000
0.016821 0.026004 800.000000
0.016440 0.027531 800.000000
0.015383 0.028699 800.000000
0.014269 0.027587 800.000000
0.012855 0.026894 800.000000
0.011867 0.025668 800.000000
0.012384 0.024181 800.000000
0.011817 0.022712 800.000000
0.010386 0.023370 800.000000
0.008928 0.023964 800.000000
0.008832 0.022393 800.000000
0.009728 0.021098 800.000000
0.008505 0.020105 800.000000
0.007288 0.019107 800.000000
0.007545 0.017554 800.000000
0.006858 0.016138 800.000000
0.005433 0.015469 800.000000
0.004932 0.013976 800.000000
0.005507 0.012510 800.000000
0.005163 0.010974 800.000000
0.003705 0.010380 800.000000
0.002133 0.010476 800.000000
0.000564 0.010599 800.000000
-0.001010 0.010567 800.000000
-0.002570 0.010354 800.000000
-0.004143 0.010282 800.000000
-0.005350 0.011293 800.000000
-0.005070 0.012843 800.000000
-0.004787 0.014391 800.000000
-0.006002 0.015393 800.000000
-0.007238 0.016368 800.000000
-0.007025 0.017928 800.000000
-0.007583 0.019400 800.000000
-0.009127 0.019711 800.000000
-0.009411 0.021259 800.000000
-0.008607 0.022613 800.000000
-0.010032 0.023281 800.000000
-0.011510 0.022738 800.000000
-0.012287 0.024108 800.000000
-0.011881 0.025629 800.000000
-0.012841 0.026877 800.000000
-0.014260 0.027559 800.000000
-0.015368 0.028678 800.000000
-0.016448 0.027532 800.000000
-0.016822 0.026003 800.000000
-0.017187 0.024471 800.000000
-0.016032 0.023402 800.000000
-0.014474 0.023175 800.000000
-0.014394 0.021603 800.000000
-0.015754 0.020810 800.000000
-0.015072 0.019391 800.000000
-0.013501 0.019293 800.000000
-0.013175 0.017753 800.000000
-0.013114 0.016179 800.000000
-0.011690 0.015507 800.000000
-0.010642 0.014332 800.000000
-0.010757 0.012762 800.000000
-0.009911 0.011433 800.000000
-0.008365 0.011136 800.000000
-0.007067 0.010246 800.000000
-0.007056 0.008671 800.000000
-0.007855 0.007315 800.000000
-0.008750 0.006019 800.000000
-0.009536 0.004655 800.000000
-0.010146 0.003204 800.000000
-0.010785 0.001765 800.000000
-0.012158 0.000994 800.000000
-0.013469 0.001866 800.000000
-0.014587 0.002975 800.000000
-0.016112 0.002585 800.000000
-0.017527 0.001895 800.000000
-0.018833 0.002774 800.000000
-0.020345 0.003212 800.000000
-0.021381 0.002026 800.000000
-0.022938 0.002264 800.000000
-0.023659 0.003664 800.000000
-0.025100 0.003029 800.000000
-0.025461 0.001497 800.000000
-0.027035 0.001458 800.000000
-0.028193 0.002525 800.000000
-0.029749 0.002285 800.000000
-0.031047 0.001395 800.000000
-0.032544 0.000907 800.000000
-0.031987 -0.000566 800.000000
-0.030832 -0.001636 800.000000
-0.029641 -0.002665 800.000000
-0.028169 -0.002107 800.000000
-0.027147 -0.000909 800.000000
-0.025809 -0.001739 800.000000
-0.025841 -0.003313 800.000000
-0.024271 -0.003435 800.000000
-0.023407 -0.002119 800.000000
-0.021901 -0.002580 800.000000
-0.020478 -0.003253 800.000000
-0.019192 -0.002345 800.000000
-0.017640 -0.002079 800.000000
-0.016329 -0.002950 800.000000
-0.014761 -0.002806 800.000000
-0.013728 -0.001618 800.000000
-0.012268 -0.001029 800.000000
-0.010949 -0.001888 800.000000
-0.010200 -0.003273 800.000000
-0.009520 -0.004693 800.000000
-0.008719 -0.006049 800.000000
-0.007768 -0.007303 800.000000
-0.006897 -0.008615 800.000000
-0.007068 -0.010180 800.000000
-0.008517 -0.010795 800.000000
-0.010004 -0.011312 800.000000
-0.010327 -0.012853 800.000000
-0.010548 -0.014412 800.000000
-0.011986 -0.015053 800.000000
-0.012997 -0.016260 800.000000
-0.012526 -0.017762 800.000000
-0.013686 -0.018825 800.000000
-0.015256 -0.018948 800.000000
-0.015051 -0.020509 800.000000
-0.014027 -0.021705 800.000000
-0.015071 -0.022884 800.000000
-0.016544 -0.023438 800.000000
-0.016882 -0.024976 800.000000
-0.016727 -0.026543 800.000000
-0.016686 -0.028117 800.000000
-0.015125 -0.027911 800.000000
-0.013648 -0.027366 800.000000
-0.012270 -0.026605 800.000000
-0.012292 -0.025031 800.000000
-0.012396 -0.023460 800.000000
-0.010830 -0.023293 800.000000
-0.009266 -0.023471 800.000000
-0.009347 -0.021898 800.000000
-0.009575 -0.020340 800.000000
-0.008102 -0.019787 800.000000
-0.007149 -0.018534 800.000000
-0.007416 -0.016982 800.000000
-0.006431 -0.015753 800.000000
-0.005085 -0.014936 800.000000
-0.004997 -0.013364 800.000000
-0.005452 -0.011857 800.000000
-0.004589 -0.010540 800.000000
-0.003026 -0.010348 800.000000
-0.001462 -0.010529 800.000000
0.000110 -0.010602 800.000000
0.001682 -0.010512 800.000000
0.003249 -0.010355 800.000000
0.004789 -0.010678 800.000000
0.005478 -0.012094 800.000000
0.004974 -0.013586 800.000000
0.005216 -0.015141 800.000000
0.006595 -0.015901 800.000000
0.007472 -0.017209 800.000000
0.007210 -0.018761 800.000000
0.008277 -0.019919 800.000000
0.009708 -0.020575 800.000000
0.009336 -0.022105 800.000000
0.009506 -0.023671 800.000000
0.011037 -0.023306 800.000000
0.012561 -0.023700 800.000000
0.012284 -0.025250 800.000000
0.012404 -0.026820 800.000000
0.013843 -0.027458 800.000000
0.015333 -0.027967 800.000000
0.016906 -0.027911 800.000000
0.016730 -0.026347 800.000000
0.016873 -0.024779 800.000000
0.016404 -0.023276 800.000000
0.014919 -0.022753 800.000000
0.014061 -0.021433 800.000000
0.015125 -0.020273 800.000000
0.014938 -0.018709 800.000000
0.013364 -0.018743 800.000000
0.012436 -0.017471 800.000000
0.012945 -0.015981 800.000000
0.011791 -0.014910 800.000000
0.010388 -0.014196 800.000000
0.010287 -0.012625 800.000000
0.009831 -0.011118 800.000000
0.008309 -0.010715 800.000000
0.006919 -0.009977 800.000000
0.006948 -0.008403 800.000000
0.007886 -0.007138 800.000000
0.008832 -0.005880 800.000000
0.009615 -0.004514 800.000000
0.010292 -0.003092 800.000000
0.011093 -0.001737 800.000000
0.012489 -0.001008 800.000000
0.013890 -0.001726 800.000000
0.014941 -0.002898 800.000000
0.016516 -0.002905 800.000000
0.017829 -0.002036 800.000000
0.019358 -0.002410 800.000000
0.020680 -0.003264 800.000000
0.022050 -0.002487 800.000000
0.023565 -0.002061 800.000000
0.024458 -0.003358 800.000000
0.026009 -0.003085 800.000000
0.026058 -0.001511 800.000000
0.027561 -0.001041 800.000000
0.028492 -0.002311 800.000000
0.030049 -0.002540 800.000000
0.031094 -0.001362 800.000000
0.032190 -0.000232 800.000000
0.032416 0.001326 800.000000

