0.032250 0.001261 792.000000
0.030707 0.001519 792.000000
0.029397 0.002372 792.000000
0.027833 0.002371 792.000000
0.026685 0.001308 792.000000
0.025172 0.001703 792.000000
0.024913 0.003246 792.000000
0.023390 0.003600 792.000000
0.022758 0.002169 792.000000
0.021196 0.002091 792.000000
0.020148 0.003252 792.000000
0.018686 0.002698 792.000000
0.017356 0.001875 792.000000
0.015984 0.002627 792.000000
0.014451 0.002938 792.000000
0.013387 0.001792 792.000000
0.012051 0.000980 792.000000
0.010730 0.001818 792.000000
0.010120 0.003258 792.000000
0.009512 0.004698 792.000000
0.008728 0.006052 792.000000
0.007837 0.007337 792.000000
0.007045 0.008686 792.000000
0.007056 0.010250 792.000000
0.008344 0.011136 792.000000
0.009883 0.011415 792.000000
0.010746 0.012720 792.000000
0.010614 0.014278 792.000000
0.011626 0.015471 792.000000
0.013053 0.016111 792.000000
0.013135 0.017672 792.000000
0.013319 0.019226 792.000000
0.014877 0.019362 792.000000
0.015754 0.020656 792.000000
0.014450 0.021519 792.000000
0.014365 0.023080 792.000000
0.015900 0.023380 792.000000
0.017094 0.024391 792.000000
0.016775 0.025922 792.000000
0.016400 0.027440 792.000000
0.015336 0.028586 792.000000
0.014222 0.027488 792.000000
0.012814 0.026807 792.000000
0.011882 0.025551 792.000000
0.012391 0.024072 792.000000
0.011706 0.022667 792.000000
0.010316 0.023383 792.000000
0.008816 0.023828 792.000000
0.008888 0.022265 792.000000
0.009708 0.020934 792.000000
0.008430 0.020033 792.000000
0.007260 0.018995 792.000000
0.007537 0.017456 792.000000
0.006802 0.016076 792.000000
0.005388 0.015407 792.000000
0.004939 0.013910 792.000000
0.005512 0.012455 792.000000
0.005133 0.010937 792.000000
0.003674 0.010374 792.000000
0.002113 0.010476 792.000000
0.000554 0.010597 792.000000
-0.001010 0.010565 792.000000
-0.002559 0.010353 792.000000
-0.004121 0.010274 792.000000
-0.005338 0.011257 792.000000
-0.005080 0.012800 792.000000
-0.004773 0.014333 792.000000
-0.005959 0.015352 792.000000
-0.007211 0.016290 792.000000
-0.007025 0.017843 792.000000
-0.007518 0.019327 792.000000
-0.009055 0.019615 792.000000
-0.009469 0.021123 792.000000
-0.008621 0.022437 792.000000
-0.009950 0.023260 792.000000
-0.011419 0.022724 792.000000
-0.012279 0.024030 792.000000
-0.011901 0.025547 792.000000
-0.012825 0.026809 792.000000
-0.014238 0.027480 792.000000
-0.015363 0.028566 792.000000
-0.016422 0.027416 792.000000
-0.016781 0.025894 792.000000
-0.017083 0.024359 792.000000
-0.015880 0.023360 792.000000
-0.014347 0.023048 792.000000
-0.014436 0.021487 792.000000
-0.015756 0.020647 792.000000
-0.014922 0.019324 792.000000
-0.013365 0.019183 792.000000
-0.013151 0.017634 792.000000
-0.013025 0.016075 792.000000
-0.011594 0.015443 792.000000
-0.010604 0.014233 792.000000
-0.010727 0.012674 792.000000
-0.009835 0.011389 792.000000
-0.008296 0.011109 792.000000
-0.007034 0.010185 792.000000
-0.007069 0.008621 792.000000
-0.007874 0.007281 792.000000
-0.008763 0.005994 792.000000
-0.009542 0.004638 792.000000
-0.010148 0.003196 792.000000
-0.010783 0.001767 792.000000
-0.012142 0.000993 792.000000
-0.013451 0.001849 792.000000
-0.014551 0.002960 792.000000
-0.016072 0.002594 792.000000
-0.017466 0.001886 792.000000
-0.018778 0.002738 792.000000
-0.020265 0.003221 792.000000
-0.021298 0.002047 792.000000
-0.022856 0.002187 792.000000
-0.023554 0.003587 792.000000
-0.025030 0.003071 792.000000
-0.025381 0.001547 792.000000
-0.026939 0.001407 792.000000
-0.028098 0.002458 792.000000
-0.029651 0.002275 792.000000
-0.030937 0.001386 792.000000
-0.032421 0.000892 792.000000
-0.031886 -0.000577 792.000000
-0.030736 -0.001638 792.000000
-0.029521 -0.002622 792.000000
-0.028081 -0.002014 792.000000
-0.027006 -0.000878 792.000000
-0.025749 -0.001809 792.000000
-0.025726 -0.003373 792.000000
-0.024162 -0.003350 792.000000
-0.023274 -0.002063 792.000000
-0.021807 -0.002606 792.000000
-0.020372 -0.003229 792.000000
-0.019111 -0.002304 792.000000
-0.017562 -0.002090 792.000000
-0.016262 -0.002959 792.000000
-0.014709 -0.002773 792.000000
-0.013689 -0.001588 792.000000
-0.012227 -0.001032 792.000000
-0.010930 -0.001907 792.000000
-0.010191 -0.003285 792.000000
-0.009516 -0.004696 792.000000
-0.008721 -0.006043 792.000000
-0.007776 -0.007289 792.000000
-0.006903 -0.008587 792.000000
-0.007041 -0.010144 792.000000
-0.008470 -0.010779 792.000000
-0.009956 -0.011267 792.000000
-0.010311 -0.012790 792.000000
-0.010491 -0.014343 792.000000
-0.011908 -0.015006 792.000000
-0.012963 -0.016160 792.000000
-0.012484 -0.017649 792.000000
-0.013553 -0.018790 792.000000
-0.015116 -0.018853 792.000000
-0.015066 -0.020417 792.000000
-0.014021 -0.021580 792.000000
-0.014966 -0.022827 792.000000
-0.016431 -0.023373 792.000000
-0.016826 -0.024886 792.000000
-0.016668 -0.026442 792.000000
-0.016617 -0.028005 792.000000
-0.015064 -0.027821 792.000000
-0.013596 -0.027281 792.000000
-0.012256 -0.026475 792.000000
-0.012316 -0.024912 792.000000
-0.012310 -0.023348 792.000000
-0.010748 -0.023277 792.000000
-0.009185 -0.023335 792.000000
-0.009374 -0.021783 792.000000
-0.009514 -0.020225 792.000000
-0.008034 -0.019722 792.000000
-0.007138 -0.018439 792.000000
-0.007400 -0.016897 792.000000
-0.006386 -0.015707 792.000000
-0.005059 -0.014879 792.000000
-0.005006 -0.013316 792.000000
-0.005447 -0.011815 792.000000
-0.004564 -0.010524 792.000000
-0.003010 -0.010347 792.000000
-0.001457 -0.010528 792.000000
0.000105 -0.010600 792.000000
0.001667 -0.010511 792.000000
0.003222 -0.010352 792.000000
0.004757 -0.010653 792.000000
0.005476 -0.012042 792.000000
0.004983 -0.013526 792.000000
0.005180 -0.015077 792.000000
0.006542 -0.015846 792.000000
0.007457 -0.017114 792.000000
0.007192 -0.018655 792.000000
0.008202 -0.019850 792.000000
0.009650 -0.020440 792.000000
0.009362 -0.021977 792.000000
0.009395 -0.023541 792.000000
0.010939 -0.023291 792.000000
0.012478 -0.023565 792.000000
0.012312 -0.025120 792.000000
0.012377 -0.026683 792.000000
0.013782 -0.027370 792.000000
0.015261 -0.027880 792.000000
0.016823 -0.027816 792.000000
0.016667 -0.026260 792.000000
0.016816 -0.024703 792.000000
0.016302 -0.023227 792.000000
0.014829 -0.022702 792.000000
0.014056 -0.021342 792.000000
0.015122 -0.020198 792.000000
0.014829 -0.018661 792.000000
0.013265 -0.018711 792.000000
0.012415 -0.017398 792.000000
0.012914 -0.015916 792.000000
0.011738 -0.014884 792.000000
0.010355 -0.014155 792.000000
0.010276 -0.012593 792.000000
0.009806 -0.011102 792.000000
0.008292 -0.010710 792.000000
0.006914 -0.009971 792.000000
0.006946 -0.008407 792.000000
0.007875 -0.007149 792.000000
0.008816 -0.005900 792.000000
0.009597 -0.004545 792.000000
0.010269 -0.003133 792.000000
0.011050 -0.001777 792.000000
0.012412 -0.001009 792.000000
0.013826 -0.001675 792.000000
0.014856 -0.002853 792.000000
0.016418 -0.002926 792.000000
0.017715 -0.002051 792.000000
0.019249 -0.002355 792.000000
0.020536 -0.003243 792.000000
0.021927 -0.002528 792.000000
0.023395 -0.001990 792.000000
0.024308 -0.003260 792.000000
0.025870 -0.003182 792.000000
0.025956 -0.001620 792.000000
0.027380 -0.000974 792.000000
0.028361 -0.002192 792.000000
0.029885 -0.002543 792.000000
0.030973 -0.001420 792.000000
0.032055 -0.000291 792.000000
0.032250 0.001261 792.000000

