0.032333 0.002568 912.000000
0.030691 0.001873 912.000000
0.029259 0.002936 912.000000
0.027485 0.002750 912.000000
0.026263 0.001451 912.000000
0.024811 0.002487 912.000000
0.024530 0.004248 912.000000
0.022805 0.003792 912.000000
0.022407 0.002053 912.000000
0.020653 0.002376 912.000000
0.019348 0.003591 912.000000
0.017958 0.002474 912.000000
0.016248 0.001965 912.000000
0.014800 0.003006 912.000000
0.013131 0.002377 912.000000
0.011990 0.001007 912.000000
0.010326 0.001649 912.000000
0.009919 0.003386 912.000000
0.009399 0.005092 912.000000
0.008470 0.006614 912.000000
0.007523 0.008125 912.000000
0.007052 0.009845 912.000000
0.007853 0.011439 912.000000
0.009557 0.011967 912.000000
0.011219 0.012612 912.000000
0.011636 0.014346 912.000000
0.011668 0.016129 912.000000
0.013137 0.017141 912.000000
0.014556 0.018221 912.000000
0.014463 0.020002 912.000000
0.015419 0.021508 912.000000
0.016783 0.022656 912.000000
0.015392 0.023772 912.000000
0.014815 0.025460 912.000000
0.016423 0.024689 912.000000
0.018013 0.023881 912.000000
0.018741 0.025509 912.000000
0.017653 0.026922 912.000000
0.016758 0.028465 912.000000
0.016019 0.030088 912.000000
0.014240 0.030210 912.000000
0.014087 0.028433 912.000000
0.012615 0.027426 912.000000
0.011389 0.026131 912.000000
0.012266 0.024578 912.000000
0.012929 0.022923 912.000000
0.011190 0.022528 912.000000
0.010507 0.024176 912.000000
0.009995 0.025884 912.000000
0.008519 0.024883 912.000000
0.009652 0.023506 912.000000
0.008940 0.021870 912.000000
0.007865 0.020448 912.000000
0.008164 0.018689 912.000000
0.007245 0.017161 912.000000
0.005629 0.016407 912.000000
0.005161 0.014686 912.000000
0.005823 0.013030 912.000000
0.005431 0.011290 912.000000
0.003813 0.010540 912.000000
0.002030 0.010565 912.000000
0.000249 0.010667 912.000000
-0.001526 0.010494 912.000000
-0.003255 0.010056 912.000000
-0.004983 0.010496 912.000000
-0.005121 0.012274 912.000000
-0.004522 0.013954 912.000000
-0.005757 0.015240 912.000000
-0.007181 0.016314 912.000000
-0.006873 0.018071 912.000000
-0.007686 0.019658 912.000000
-0.009423 0.020063 912.000000
-0.009115 0.021820 912.000000
-0.008203 0.023353 912.000000
-0.009973 0.023572 912.000000
-0.011552 0.022742 912.000000
-0.012178 0.024412 912.000000
-0.011423 0.026028 912.000000
-0.012563 0.027399 912.000000
-0.014117 0.028275 912.000000
-0.014271 0.030052 912.000000
-0.016055 0.030087 912.000000
-0.016772 0.028454 912.000000
-0.017638 0.026895 912.000000
-0.018683 0.025450 912.000000
-0.017891 0.023852 912.000000
-0.016282 0.024623 912.000000
-0.014558 0.025079 912.000000
-0.015477 0.023550 912.000000
-0.016825 0.022383 912.000000
-0.015427 0.021276 912.000000
-0.014544 0.019726 912.000000
-0.014452 0.017945 912.000000
-0.012940 0.016999 912.000000
-0.011562 0.015867 912.000000
-0.011603 0.014084 912.000000
-0.010993 0.012408 912.000000
-0.009289 0.011882 912.000000
-0.007639 0.011204 912.000000
-0.007067 0.009515 912.000000
-0.007672 0.007837 912.000000
-0.008641 0.006340 912.000000
-0.009526 0.004791 912.000000
-0.010006 0.003074 912.000000
-0.010626 0.001401 912.000000
-0.012398 0.001203 912.000000
-0.013484 0.002618 912.000000
-0.015246 0.002892 912.000000
-0.016739 0.001916 912.000000
-0.018340 0.002701 912.000000
-0.019946 0.003478 912.000000
-0.021150 0.002162 912.000000
-0.022904 0.002484 912.000000
-0.023318 0.004219 912.000000
-0.025038 0.003748 912.000000
-0.024993 0.001965 912.000000
-0.026699 0.001443 912.000000
-0.027781 0.002860 912.000000
-0.029564 0.002929 912.000000
-0.031023 0.001903 912.000000
-0.032627 0.002682 912.000000
-0.033973 0.001512 912.000000
-0.033141 -0.000066 912.000000
-0.032220 -0.001593 912.000000
-0.031561 -0.003250 912.000000
-0.029830 -0.003677 912.000000
-0.029440 -0.001937 912.000000
-0.029047 -0.000197 912.000000
-0.028040 -0.001669 912.000000
-0.027452 -0.003352 912.000000
-0.025811 -0.002653 912.000000
-0.024039 -0.002856 912.000000
-0.022382 -0.003516 912.000000
-0.020864 -0.002580 912.000000
-0.019128 -0.002174 912.000000
-0.017611 -0.003113 912.000000
-0.015828 -0.003110 912.000000
-0.014584 -0.001832 912.000000
-0.013002 -0.001007 912.000000
-0.011367 -0.001718 912.000000
-0.010357 -0.003188 912.000000
-0.009547 -0.004777 912.000000
-0.008576 -0.006273 912.000000
-0.007349 -0.007568 912.000000
-0.006619 -0.009195 912.000000
-0.007872 -0.010465 912.000000
-0.009619 -0.010822 912.000000
-0.010293 -0.012474 912.000000
-0.010503 -0.014245 912.000000
-0.012128 -0.014980 912.000000
-0.013172 -0.016426 912.000000
-0.012737 -0.018155 912.000000
-0.014334 -0.018949 912.000000
-0.016043 -0.019458 912.000000
-0.015060 -0.020946 912.000000
-0.014367 -0.022589 912.000000
-0.016067 -0.023128 912.000000
-0.017648 -0.023955 912.000000
-0.017493 -0.025732 912.000000
-0.017559 -0.027514 912.000000
-0.018290 -0.029141 912.000000
-0.016512 -0.029283 912.000000
-0.014899 -0.028523 912.000000
-0.013120 -0.028396 912.000000
-0.011784 -0.027214 912.000000
-0.012655 -0.025658 912.000000
-0.012664 -0.023875 912.000000
-0.010961 -0.024405 912.000000
-0.009270 -0.023838 912.000000
-0.009877 -0.022161 912.000000
-0.008910 -0.020662 912.000000
-0.007408 -0.019700 912.000000
-0.007506 -0.017919 912.000000
-0.006853 -0.016259 912.000000
-0.005296 -0.015390 912.000000
-0.004917 -0.013648 912.000000
-0.005447 -0.011945 912.000000
-0.004459 -0.010460 912.000000
-0.002678 -0.010362 912.000000
-0.000910 -0.010596 912.000000
0.000874 -0.010617 912.000000
0.002653 -0.010491 912.000000
0.004428 -0.010658 912.000000
0.005641 -0.011966 912.000000
0.005332 -0.013722 912.000000
0.005179 -0.015499 912.000000
0.006558 -0.016630 912.000000
0.007863 -0.017846 912.000000
0.007743 -0.019625 912.000000
0.008577 -0.021202 912.000000
0.010134 -0.022073 912.000000
0.009969 -0.023849 912.000000
0.010705 -0.025474 912.000000
0.012219 -0.024532 912.000000
0.013544 -0.025726 912.000000
0.012200 -0.026900 912.000000
0.012466 -0.028663 912.000000
0.014250 -0.028690 912.000000
0.016032 -0.028748 912.000000
0.017780 -0.029104 912.000000
0.018736 -0.027599 912.000000
0.017354 -0.026472 912.000000
0.017478 -0.024692 912.000000
0.016909 -0.023002 912.000000
0.015146 -0.022732 912.000000
0.014065 -0.021313 912.000000
0.015472 -0.020217 912.000000
0.015516 -0.018434 912.000000
0.013756 -0.018722 912.000000
0.012482 -0.017473 912.000000
0.013068 -0.015789 912.000000
0.011693 -0.014653 912.000000
0.010150 -0.013759 912.000000
0.010185 -0.011976 912.000000
0.009205 -0.010485 912.000000
0.007436 -0.010260 912.000000
0.006514 -0.008733 912.000000
0.007541 -0.007274 912.000000
0.008794 -0.006006 912.000000
0.009720 -0.004481 912.000000
0.010524 -0.002889 912.000000
0.011615 -0.001478 912.000000
0.013330 -0.000987 912.000000
0.014805 -0.001989 912.000000
0.016067 -0.003249 912.000000
0.017841 -0.003065 912.000000
0.019344 -0.002104 912.000000
0.021047 -0.002634 912.000000
0.022595 -0.003519 912.000000
0.024183 -0.002708 912.000000
0.025961 -0.002560 912.000000
0.027542 -0.003384 912.000000
0.028214 -0.001732 912.000000
0.029135 -0.000204 912.000000
0.029589 -0.001929 912.000000
0.029668 -0.003711 912.000000
0.031447 -0.003582 912.000000
0.032203 -0.001967 912.000000
0.032938 -0.000342 912.000000
0.033602 0.001314 912.000000
0.032333 0.002568 912.000000

