0.033772 0.003018 992.000000
0.032032 0.002244 992.000000
0.030264 0.002950 992.000000
0.028410 0.003386 992.000000
0.027295 0.001843 992.000000
0.025393 0.001943 992.000000
0.025308 0.003845 992.000000
0.023563 0.004608 992.000000
0.023122 0.002756 992.000000
0.021303 0.002194 992.000000
0.020022 0.003603 992.000000
0.018342 0.002707 992.000000
0.016594 0.001952 992.000000
0.015013 0.003014 992.000000
0.013198 0.002440 992.000000
0.011946 0.001005 992.000000
0.010216 0.001802 992.000000
0.009857 0.003672 992.000000
0.009237 0.005472 992.000000
0.008204 0.007072 992.000000
0.007308 0.008752 992.000000
0.007266 0.010656 992.000000
0.008663 0.011950 992.000000
0.010528 0.012333 992.000000
0.011916 0.013637 992.000000
0.011855 0.015540 992.000000
0.012624 0.017282 992.000000
0.014382 0.018015 992.000000
0.015176 0.019745 992.000000
0.015133 0.021649 992.000000
0.016405 0.023066 992.000000
0.016168 0.024955 992.000000
0.015492 0.026735 992.000000
0.017204 0.025900 992.000000
0.017611 0.024040 992.000000
0.019506 0.024225 992.000000
0.019166 0.026098 992.000000
0.017796 0.027421 992.000000
0.016976 0.029139 992.000000
0.016282 0.030913 992.000000
0.014638 0.031874 992.000000
0.014195 0.030022 992.000000
0.013212 0.028391 992.000000
0.011584 0.027403 992.000000
0.011707 0.025503 992.000000
0.013054 0.024157 992.000000
0.011593 0.022936 992.000000
0.010732 0.024634 992.000000
0.010065 0.026418 992.000000
0.008170 0.026603 992.000000
0.008768 0.024795 992.000000
0.009257 0.022954 992.000000
0.008226 0.021354 992.000000
0.008236 0.019449 992.000000
0.007671 0.017631 992.000000
0.005944 0.016830 992.000000
0.005120 0.015113 992.000000
0.005780 0.013327 992.000000
0.005539 0.011439 992.000000
0.003854 0.010553 992.000000
0.001950 0.010578 992.000000
0.000048 0.010676 992.000000
-0.001843 0.010453 992.000000
-0.003714 0.010100 992.000000
-0.005349 0.011077 992.000000
-0.005010 0.012950 992.000000
-0.004785 0.014841 992.000000
-0.006390 0.015866 992.000000
-0.007468 0.017435 992.000000
-0.007117 0.019306 992.000000
-0.008594 0.020509 992.000000
-0.009853 0.021938 992.000000
-0.008641 0.023407 992.000000
-0.009972 0.024768 992.000000
-0.011250 0.023356 992.000000
-0.012871 0.024356 992.000000
-0.011752 0.025897 992.000000
-0.011803 0.027800 992.000000
-0.013495 0.028672 992.000000
-0.014432 0.030330 992.000000
-0.015200 0.032073 992.000000
-0.016542 0.030722 992.000000
-0.017103 0.028902 992.000000
-0.017989 0.027217 992.000000
-0.019228 0.025771 992.000000
-0.019049 0.023876 992.000000
-0.017146 0.023925 992.000000
-0.016688 0.025774 992.000000
-0.014897 0.025127 992.000000
-0.016521 0.024132 992.000000
-0.016254 0.022247 992.000000
-0.015029 0.020789 992.000000
-0.015047 0.018884 992.000000
-0.013758 0.017483 992.000000
-0.012059 0.016623 992.000000
-0.011750 0.014744 992.000000
-0.011473 0.012860 992.000000
-0.009762 0.012025 992.000000
-0.007937 0.011479 992.000000
-0.007074 0.009782 992.000000
-0.007618 0.007957 992.000000
-0.008647 0.006355 992.000000
-0.009584 0.004697 992.000000
-0.010095 0.002863 992.000000
-0.011000 0.001188 992.000000
-0.012881 0.001479 992.000000
-0.014076 0.002961 992.000000
-0.015969 0.002758 992.000000
-0.017704 0.001972 992.000000
-0.019214 0.003132 992.000000
-0.021114 0.003264 992.000000
-0.022636 0.002120 992.000000
-0.023788 0.003636 992.000000
-0.025329 0.004755 992.000000
-0.025656 0.002879 992.000000
-0.026429 0.001139 992.000000
-0.027960 0.002270 992.000000
-0.029384 0.003535 992.000000
-0.030981 0.002499 992.000000
-0.032868 0.002242 992.000000
-0.034445 0.003310 992.000000
-0.034958 0.001476 992.000000
-0.033785 -0.000023 992.000000
-0.032726 -0.001606 992.000000
-0.032250 -0.003450 992.000000
-0.030797 -0.004681 992.000000
-0.029616 -0.003187 992.000000
-0.030995 -0.001874 992.000000
-0.030005 -0.000248 992.000000
-0.029313 -0.002022 992.000000
-0.027575 -0.002799 992.000000
-0.025681 -0.002598 992.000000
-0.024046 -0.003574 992.000000
-0.022175 -0.003223 992.000000
-0.020573 -0.002194 992.000000
-0.018763 -0.002784 992.000000
-0.016985 -0.003467 992.000000
-0.015370 -0.002459 992.000000
-0.013961 -0.001177 992.000000
-0.012059 -0.001264 992.000000
-0.010729 -0.002627 992.000000
-0.009834 -0.004308 992.000000
-0.008855 -0.005941 992.000000
-0.007533 -0.007311 992.000000
-0.006610 -0.008977 992.000000
-0.007880 -0.010395 992.000000
-0.009735 -0.010824 992.000000
-0.010372 -0.012619 992.000000
-0.010735 -0.014488 992.000000
-0.012498 -0.015207 992.000000
-0.013349 -0.016910 992.000000
-0.013205 -0.018809 992.000000
-0.015078 -0.019151 992.000000
-0.016449 -0.020473 992.000000
-0.014843 -0.021498 992.000000
-0.015003 -0.023395 992.000000
-0.016902 -0.023251 992.000000
-0.018316 -0.024527 992.000000
-0.017846 -0.026372 992.000000
-0.018380 -0.028200 992.000000
-0.019497 -0.029742 992.000000
-0.017634 -0.030132 992.000000
-0.015906 -0.029331 992.000000
-0.014011 -0.029146 992.000000
-0.012111 -0.029017 992.000000
-0.011782 -0.027141 992.000000
-0.013449 -0.026220 992.000000
-0.012449 -0.024599 992.000000
-0.010787 -0.025528 992.000000
-0.009950 -0.023818 992.000000
-0.009788 -0.021920 992.000000
-0.008125 -0.020992 992.000000
-0.007631 -0.019153 992.000000
-0.007519 -0.017253 992.000000
-0.005934 -0.016198 992.000000
-0.004912 -0.014591 992.000000
-0.005530 -0.012790 992.000000
-0.005208 -0.010913 992.000000
-0.003391 -0.010346 992.000000
-0.001500 -0.010569 992.000000
0.000403 -0.010642 992.000000
0.002302 -0.010501 992.000000
0.004205 -0.010556 992.000000
0.005603 -0.011849 992.000000
0.005307 -0.013730 992.000000
0.005175 -0.015630 992.000000
0.006678 -0.016798 992.000000
0.007945 -0.018220 992.000000
0.007764 -0.020116 992.000000
0.008876 -0.021662 992.000000
0.010351 -0.022866 992.000000
0.010004 -0.024738 992.000000
0.011542 -0.025860 992.000000
0.013313 -0.025160 992.000000
0.012926 -0.027024 992.000000
0.011384 -0.028142 992.000000
0.012681 -0.029536 992.000000
0.014553 -0.029187 992.000000
0.016449 -0.029369 992.000000
0.018281 -0.029888 992.000000
0.020006 -0.029082 992.000000
0.018757 -0.027645 992.000000
0.018034 -0.025883 992.000000
0.018102 -0.023980 992.000000
0.016396 -0.023134 992.000000
0.014506 -0.022899 992.000000
0.015076 -0.021082 992.000000
0.016563 -0.019893 992.000000
0.014884 -0.018996 992.000000
0.013022 -0.018598 992.000000
0.013355 -0.016723 992.000000
0.012362 -0.015098 992.000000
0.010600 -0.014376 992.000000
0.010365 -0.012487 992.000000
0.009612 -0.010738 992.000000
0.007732 -0.010437 992.000000
0.006520 -0.008968 992.000000
0.007502 -0.007336 992.000000
0.008835 -0.005977 992.000000
0.009812 -0.004342 992.000000
0.010691 -0.002653 992.000000
0.011993 -0.001263 992.000000
0.013892 -0.001133 992.000000
0.015296 -0.002420 992.000000
0.016869 -0.003493 992.000000
0.018649 -0.002815 992.000000
0.020428 -0.002136 992.000000
0.022038 -0.003152 992.000000
0.023903 -0.003538 992.000000
0.025502 -0.002505 992.000000
0.027381 -0.002812 992.000000
0.029215 -0.002299 992.000000
0.029627 -0.000440 992.000000
0.030930 -0.001829 992.000000
0.029464 -0.003045 992.000000
0.030295 -0.004758 992.000000
0.032006 -0.003922 992.000000
0.032674 -0.002139 992.000000
0.033509 -0.000428 992.000000
0.034439 0.001234 992.000000
0.033772 0.003018 992.000000

