0.032787 0.001167 840.000000
0.031177 0.001408 840.000000
0.029847 0.002349 840.000000
0.028263 0.002727 840.000000
0.027127 0.001560 840.000000
0.025499 0.001538 840.000000
0.025222 0.003143 840.000000
0.023847 0.004014 840.000000
0.023126 0.002554 840.000000
0.021593 0.002004 840.000000
0.020522 0.003230 840.000000
0.018933 0.002873 840.000000
0.017616 0.001915 840.000000
0.016141 0.002604 840.000000
0.014564 0.003014 840.000000
0.013434 0.001842 840.000000
0.012058 0.000970 840.000000
0.010691 0.001857 840.000000
0.010082 0.003367 840.000000
0.009444 0.004865 840.000000
0.008608 0.006263 840.000000
0.007682 0.007603 840.000000
0.006969 0.009067 840.000000
0.007322 0.010657 840.000000
0.008816 0.011304 840.000000
0.010381 0.011756 840.000000
0.010908 0.013297 840.000000
0.010914 0.014926 840.000000
0.012246 0.015863 840.000000
0.013551 0.016838 840.000000
0.013322 0.018450 840.000000
0.014251 0.019788 840.000000
0.015874 0.019923 840.000000
0.015602 0.021528 840.000000
0.014202 0.022360 840.000000
0.015190 0.023655 840.000000
0.016818 0.023607 840.000000
0.017630 0.025019 840.000000
0.017003 0.026522 840.000000
0.016593 0.028098 840.000000
0.015528 0.029330 840.000000
0.014462 0.028099 840.000000
0.013042 0.027302 840.000000
0.011800 0.026248 840.000000
0.012291 0.024696 840.000000
0.012360 0.023069 840.000000
0.010749 0.023303 840.000000
0.009622 0.024479 840.000000
0.008533 0.023268 840.000000
0.009626 0.022060 840.000000
0.008936 0.020584 840.000000
0.007526 0.019769 840.000000
0.007582 0.018141 840.000000
0.007205 0.016557 840.000000
0.005746 0.015833 840.000000
0.004921 0.014429 840.000000
0.005457 0.012890 840.000000
0.005372 0.011264 840.000000
0.003968 0.010438 840.000000
0.002340 0.010471 840.000000
0.000717 0.010605 840.000000
-0.000912 0.010585 840.000000
-0.002525 0.010363 840.000000
-0.004152 0.010286 840.000000
-0.005374 0.011362 840.000000
-0.005039 0.012955 840.000000
-0.004825 0.014570 840.000000
-0.006136 0.015535 840.000000
-0.007316 0.016658 840.000000
-0.007023 0.018260 840.000000
-0.007833 0.019673 840.000000
-0.009409 0.020083 840.000000
-0.009283 0.021706 840.000000
-0.008707 0.023230 840.000000
-0.010328 0.023393 840.000000
-0.011921 0.023058 840.000000
-0.012227 0.024657 840.000000
-0.011843 0.026240 840.000000
-0.013065 0.027317 840.000000
-0.014498 0.028090 840.000000
-0.015597 0.029292 840.000000
-0.016635 0.028037 840.000000
-0.017023 0.026455 840.000000
-0.017613 0.024937 840.000000
-0.016737 0.023564 840.000000
-0.015108 0.023585 840.000000
-0.014236 0.022210 840.000000
-0.015652 0.021405 840.000000
-0.015781 0.019781 840.000000
-0.014157 0.019659 840.000000
-0.013326 0.018258 840.000000
-0.013457 0.016635 840.000000
-0.012090 0.015750 840.000000
-0.010827 0.014721 840.000000
-0.010865 0.013093 840.000000
-0.010193 0.011610 840.000000
-0.008611 0.011224 840.000000
-0.007185 0.010437 840.000000
-0.007027 0.008816 840.000000
-0.007816 0.007391 840.000000
-0.008742 0.006052 840.000000
-0.009555 0.004640 840.000000
-0.010183 0.003138 840.000000
-0.010885 0.001668 840.000000
-0.012377 0.001016 840.000000
-0.013652 0.002030 840.000000
-0.014903 0.003073 840.000000
-0.016427 0.002498 840.000000
-0.017970 0.001978 840.000000
-0.019238 0.002999 840.000000
-0.020864 0.003101 840.000000
-0.022015 0.001949 840.000000
-0.023405 0.002798 840.000000
-0.024465 0.004034 840.000000
-0.025414 0.002711 840.000000
-0.025966 0.001179 840.000000
-0.027492 0.001750 840.000000
-0.028687 0.002856 840.000000
-0.030225 0.002323 840.000000
-0.031608 0.001463 840.000000
-0.033181 0.001039 840.000000
-0.032537 -0.000457 840.000000
-0.031343 -0.001565 840.000000
-0.030290 -0.002807 840.000000
-0.028669 -0.002642 840.000000
-0.027862 -0.001228 840.000000
-0.026233 -0.001264 840.000000
-0.026312 -0.002891 840.000000
-0.025006 -0.003864 840.000000
-0.024078 -0.002526 840.000000
-0.022451 -0.002461 840.000000
-0.021076 -0.003335 840.000000
-0.019635 -0.002576 840.000000
-0.018099 -0.002035 840.000000
-0.016705 -0.002876 840.000000
-0.015080 -0.002979 840.000000
-0.013957 -0.001799 840.000000
-0.012525 -0.001022 840.000000
-0.011076 -0.001765 840.000000
-0.010260 -0.003174 840.000000
-0.009558 -0.004644 840.000000
-0.008732 -0.006048 840.000000
-0.007747 -0.007345 840.000000
-0.006877 -0.008721 840.000000
-0.007184 -0.010321 840.000000
-0.008721 -0.010862 840.000000
-0.010210 -0.011521 840.000000
-0.010405 -0.013137 840.000000
-0.010831 -0.014709 840.000000
-0.012354 -0.015287 840.000000
-0.013130 -0.016719 840.000000
-0.012743 -0.018301 840.000000
-0.014204 -0.019019 840.000000
-0.015747 -0.019541 840.000000
-0.014936 -0.020953 840.000000
-0.014246 -0.022428 840.000000
-0.015712 -0.023139 840.000000
-0.017156 -0.023892 840.000000
-0.017132 -0.025520 840.000000
-0.017020 -0.027145 840.000000
-0.016963 -0.028773 840.000000
-0.015387 -0.028362 840.000000
-0.013876 -0.027753 840.000000
-0.012345 -0.027198 840.000000
-0.012137 -0.025583 840.000000
-0.012744 -0.024071 840.000000
-0.011302 -0.023314 840.000000
-0.009819 -0.023989 840.000000
-0.009222 -0.022474 840.000000
-0.009757 -0.020935 840.000000
-0.008371 -0.020079 840.000000
-0.007205 -0.018943 840.000000
-0.007465 -0.017335 840.000000
-0.006608 -0.015950 840.000000
-0.005186 -0.015156 840.000000
-0.004960 -0.013543 840.000000
-0.005465 -0.011995 840.000000
-0.004654 -0.010583 840.000000
-0.003041 -0.010353 840.000000
-0.001424 -0.010542 840.000000
0.000203 -0.010613 840.000000
0.001829 -0.010510 840.000000
0.003452 -0.010375 840.000000
0.005003 -0.010869 840.000000
0.005479 -0.012427 840.000000
0.004934 -0.013961 840.000000
0.005455 -0.015504 840.000000
0.006906 -0.016245 840.000000
0.007533 -0.017748 840.000000
0.007365 -0.019368 840.000000
0.008710 -0.020286 840.000000
0.009951 -0.021341 840.000000
0.009212 -0.022792 840.000000
0.010019 -0.024206 840.000000
0.011465 -0.023457 840.000000
0.012780 -0.024418 840.000000
0.012101 -0.025899 840.000000
0.012555 -0.027463 840.000000
0.014133 -0.027866 840.000000
0.015666 -0.028416 840.000000
0.017293 -0.028496 840.000000
0.017061 -0.026884 840.000000
0.017142 -0.025257 840.000000
0.016998 -0.023635 840.000000
0.015486 -0.023030 840.000000
0.014125 -0.022135 840.000000
0.015015 -0.020771 840.000000
0.015664 -0.019278 840.000000
0.014069 -0.018949 840.000000
0.012663 -0.018127 840.000000
0.013125 -0.016565 840.000000
0.012250 -0.015191 840.000000
0.010728 -0.014611 840.000000
0.010384 -0.013019 840.000000
0.010144 -0.011409 840.000000
0.008623 -0.010825 840.000000
0.007099 -0.010253 840.000000
0.006876 -0.008639 840.000000
0.007783 -0.007287 840.000000
0.008771 -0.005993 840.000000
0.009591 -0.004585 840.000000
0.010288 -0.003113 840.000000
0.011116 -0.001711 840.000000
0.012584 -0.001004 840.000000
0.013994 -0.001818 840.000000
0.015108 -0.003006 840.000000
0.016732 -0.002875 840.000000
0.018117 -0.002019 840.000000
0.019646 -0.002579 840.000000
0.021088 -0.003337 840.000000
0.022426 -0.002409 840.000000
0.024054 -0.002364 840.000000
0.024963 -0.003716 840.000000
0.026357 -0.002874 840.000000
0.026375 -0.001246 840.000000
0.028003 -0.001313 840.000000
0.028780 -0.002744 840.000000
0.030398 -0.002931 840.000000
0.031448 -0.001685 840.000000
0.032491 -0.000434 840.000000
0.032787 0.001167 840.000000

