0.034598 0.002927 1016.000000
0.032730 0.002410 1016.000000
0.030844 0.002854 1016.000000
0.029080 0.003658 1016.000000
0.027818 0.002188 1016.000000
0.025984 0.001561 1016.000000
0.025600 0.003461 1016.000000
0.024335 0.004929 1016.000000
0.023477 0.003191 1016.000000
0.021876 0.002099 1016.000000
0.020549 0.003511 1016.000000
0.018712 0.002894 1016.000000
0.017027 0.001936 1016.000000
0.015382 0.002961 1016.000000
0.013474 0.002620 1016.000000
0.012276 0.001097 1016.000000
0.010403 0.001593 1016.000000
0.009916 0.003469 1016.000000
0.009318 0.005312 1016.000000
0.008281 0.006949 1016.000000
0.007340 0.008643 1016.000000
0.007237 0.010579 1016.000000
0.008629 0.011927 1016.000000
0.010526 0.012319 1016.000000
0.011939 0.013646 1016.000000
0.011880 0.015583 1016.000000
0.012706 0.017336 1016.000000
0.014496 0.018078 1016.000000
0.015232 0.019871 1016.000000
0.015208 0.021808 1016.000000
0.016370 0.023359 1016.000000
0.016076 0.025274 1016.000000
0.016282 0.027201 1016.000000
0.017784 0.025976 1016.000000
0.018355 0.024124 1016.000000
0.020229 0.024620 1016.000000
0.019313 0.026328 1016.000000
0.017721 0.027433 1016.000000
0.016955 0.029213 1016.000000
0.016449 0.031084 1016.000000
0.014959 0.032323 1016.000000
0.014286 0.030506 1016.000000
0.013459 0.028753 1016.000000
0.011757 0.027825 1016.000000
0.011476 0.025908 1016.000000
0.012943 0.024641 1016.000000
0.011710 0.023145 1016.000000
0.010771 0.024840 1016.000000
0.009961 0.026601 1016.000000
0.008037 0.026831 1016.000000
0.008593 0.024974 1016.000000
0.009338 0.023185 1016.000000
0.008342 0.021522 1016.000000
0.008246 0.019587 1016.000000
0.007736 0.017717 1016.000000
0.005984 0.016889 1016.000000
0.005111 0.015159 1016.000000
0.005776 0.013338 1016.000000
0.005523 0.011417 1016.000000
0.003794 0.010541 1016.000000
0.001857 0.010584 1016.000000
-0.000079 0.010675 1016.000000
-0.002002 0.010433 1016.000000
-0.003918 0.010145 1016.000000
-0.005450 0.011333 1016.000000
-0.004968 0.013211 1016.000000
-0.004932 0.015148 1016.000000
-0.006618 0.016105 1016.000000
-0.007530 0.017814 1016.000000
-0.007267 0.019734 1016.000000
-0.008865 0.020830 1016.000000
-0.009783 0.022537 1016.000000
-0.008676 0.024127 1016.000000
-0.010499 0.024787 1016.000000
-0.011880 0.023427 1016.000000
-0.012856 0.025101 1016.000000
-0.011529 0.026514 1016.000000
-0.012113 0.028362 1016.000000
-0.013879 0.029161 1016.000000
-0.014622 0.030951 1016.000000
-0.015818 0.032476 1016.000000
-0.016714 0.030758 1016.000000
-0.017233 0.028891 1016.000000
-0.018159 0.027188 1016.000000
-0.019418 0.025715 1016.000000
-0.019204 0.023789 1016.000000
-0.017267 0.023849 1016.000000
-0.016942 0.025759 1016.000000
-0.015049 0.026174 1016.000000
-0.016268 0.024667 1016.000000
-0.016467 0.022739 1016.000000
-0.015232 0.021245 1016.000000
-0.015236 0.019307 1016.000000
-0.014114 0.017727 1016.000000
-0.012339 0.016950 1016.000000
-0.011820 0.015083 1016.000000
-0.011687 0.013149 1016.000000
-0.010039 0.012130 1016.000000
-0.008161 0.011651 1016.000000
-0.007107 0.010025 1016.000000
-0.007542 0.008136 1016.000000
-0.008568 0.006492 1016.000000
-0.009539 0.004815 1016.000000
-0.010062 0.002949 1016.000000
-0.010935 0.001219 1016.000000
-0.012857 0.001467 1016.000000
-0.014078 0.002973 1016.000000
-0.016004 0.002758 1016.000000
-0.017783 0.001991 1016.000000
-0.019309 0.003186 1016.000000
-0.021246 0.003247 1016.000000
-0.022860 0.002174 1016.000000
-0.023914 0.003800 1016.000000
-0.025617 0.004725 1016.000000
-0.025708 0.002789 1016.000000
-0.026640 0.001090 1016.000000
-0.028072 0.002396 1016.000000
-0.029583 0.003609 1016.000000
-0.031256 0.002631 1016.000000
-0.033189 0.002765 1016.000000
-0.034792 0.003855 1016.000000
-0.035305 0.001986 1016.000000
-0.034237 0.000369 1016.000000
-0.033085 -0.001189 1016.000000
-0.032634 -0.003074 1016.000000
-0.031653 -0.004745 1016.000000
-0.029726 -0.004540 1016.000000
-0.030598 -0.002810 1016.000000
-0.031502 -0.001096 1016.000000
-0.029698 -0.001804 1016.000000
-0.028011 -0.002758 1016.000000
-0.026085 -0.002547 1016.000000
-0.024420 -0.003540 1016.000000
-0.022489 -0.003375 1016.000000
-0.020903 -0.002261 1016.000000
-0.019018 -0.002712 1016.000000
-0.017249 -0.003503 1016.000000
-0.015537 -0.002593 1016.000000
-0.014142 -0.001248 1016.000000
-0.012205 -0.001202 1016.000000
-0.010799 -0.002536 1016.000000
-0.009877 -0.004240 1016.000000
-0.008887 -0.005907 1016.000000
-0.007542 -0.007302 1016.000000
-0.006617 -0.009005 1016.000000
-0.007941 -0.010420 1016.000000
-0.009823 -0.010884 1016.000000
-0.010413 -0.012730 1016.000000
-0.010857 -0.014616 1016.000000
-0.012659 -0.015331 1016.000000
-0.013412 -0.017116 1016.000000
-0.013435 -0.019054 1016.000000
-0.015362 -0.019260 1016.000000
-0.016469 -0.020851 1016.000000
-0.014762 -0.021770 1016.000000
-0.015357 -0.023615 1016.000000
-0.017271 -0.023312 1016.000000
-0.018505 -0.024806 1016.000000
-0.017944 -0.026661 1016.000000
-0.018651 -0.028465 1016.000000
-0.019790 -0.030033 1016.000000
-0.017883 -0.030374 1016.000000
-0.016120 -0.029568 1016.000000
-0.014198 -0.029323 1016.000000
-0.012260 -0.029350 1016.000000
-0.011456 -0.027587 1016.000000
-0.013188 -0.026718 1016.000000
-0.012866 -0.024807 1016.000000
-0.011139 -0.025688 1016.000000
-0.009997 -0.024122 1016.000000
-0.009916 -0.022186 1016.000000
-0.008249 -0.021199 1016.000000
-0.007643 -0.019358 1016.000000
-0.007598 -0.017420 1016.000000
-0.006016 -0.016300 1016.000000
-0.004915 -0.014705 1016.000000
-0.005528 -0.012867 1016.000000
-0.005261 -0.010947 1016.000000
-0.003419 -0.010343 1016.000000
-0.001495 -0.010573 1016.000000
0.000442 -0.010645 1016.000000
0.002374 -0.010502 1016.000000
0.004310 -0.010602 1016.000000
0.005650 -0.012001 1016.000000
0.005282 -0.013903 1016.000000
0.005259 -0.015841 1016.000000
0.006837 -0.016966 1016.000000
0.008016 -0.018505 1016.000000
0.007827 -0.020434 1016.000000
0.009074 -0.021917 1016.000000
0.010454 -0.023278 1016.000000
0.010153 -0.025192 1016.000000
0.011924 -0.025978 1016.000000
0.013834 -0.026308 1016.000000
0.012353 -0.027559 1016.000000
0.011292 -0.029180 1016.000000
0.013129 -0.029797 1016.000000
0.015007 -0.029320 1016.000000
0.016927 -0.029582 1016.000000
0.018812 -0.030036 1016.000000
0.020483 -0.029054 1016.000000
0.019078 -0.027718 1016.000000
0.018162 -0.026011 1016.000000
0.018226 -0.024074 1016.000000
0.016530 -0.023136 1016.000000
0.014596 -0.023013 1016.000000
0.015066 -0.021133 1016.000000
0.016648 -0.020014 1016.000000
0.014994 -0.019005 1016.000000
0.013087 -0.018658 1016.000000
0.013381 -0.016742 1016.000000
0.012376 -0.015085 1016.000000
0.010587 -0.014341 1016.000000
0.010355 -0.012417 1016.000000
0.009529 -0.010664 1016.000000
0.007615 -0.010363 1016.000000
0.006514 -0.008768 1016.000000
0.007627 -0.007182 1016.000000
0.008980 -0.005794 1016.000000
0.009945 -0.004113 1016.000000
0.010875 -0.002413 1016.000000
0.012327 -0.001130 1016.000000
0.014259 -0.001286 1016.000000
0.015614 -0.002672 1016.000000
0.017348 -0.003538 1016.000000
0.019081 -0.002670 1016.000000
0.020969 -0.002234 1016.000000
0.022539 -0.003370 1016.000000
0.024475 -0.003447 1016.000000
0.026117 -0.002417 1016.000000
0.028024 -0.002762 1016.000000
0.029679 -0.001754 1016.000000
0.030722 -0.000120 1016.000000
0.030990 -0.002040 1016.000000
0.029406 -0.003156 1016.000000
0.030212 -0.004918 1016.000000
0.032005 -0.004182 1016.000000
0.032734 -0.002387 1016.000000
0.033581 -0.000644 1016.000000
0.034625 0.000989 1016.000000
0.034598 0.002927 1016.000000

