0.032344 0.000028 776.000000
0.031222 0.001057 776.000000
0.030019 0.001990 776.000000
0.028578 0.002482 776.000000
0.027372 0.001554 776.000000
0.025895 0.001183 776.000000
0.025333 0.002598 776.000000
0.024263 0.003682 776.000000
0.023272 0.002526 776.000000
0.021883 0.001904 776.000000
0.020819 0.002993 776.000000
0.019298 0.002929 776.000000
0.018110 0.001977 776.000000
0.016639 0.002371 776.000000
0.015272 0.003040 776.000000
0.013967 0.002256 776.000000
0.012903 0.001167 776.000000
0.011388 0.001321 776.000000
0.010482 0.002545 776.000000
0.009872 0.003939 776.000000
0.009178 0.005295 776.000000
0.008352 0.006573 776.000000
0.007446 0.007797 776.000000
0.006835 0.009192 776.000000
0.007458 0.010581 776.000000
0.008932 0.010962 776.000000
0.010264 0.011699 776.000000
0.010372 0.013218 776.000000
0.010762 0.014689 776.000000
0.012180 0.015244 776.000000
0.013001 0.016526 776.000000
0.012585 0.017991 776.000000
0.013811 0.018893 776.000000
0.015308 0.019171 776.000000
0.014915 0.020641 776.000000
0.013977 0.021840 776.000000
0.015040 0.022931 776.000000
0.016445 0.023517 776.000000
0.016733 0.025012 776.000000
0.016524 0.026520 776.000000
0.016183 0.028004 776.000000
0.014721 0.027576 776.000000
0.013310 0.027006 776.000000
0.012151 0.026018 776.000000
0.012341 0.024508 776.000000
0.011947 0.023037 776.000000
0.010438 0.023239 776.000000
0.008960 0.022872 776.000000
0.009451 0.021431 776.000000
0.009305 0.019916 776.000000
0.007831 0.019537 776.000000
0.007115 0.018193 776.000000
0.007348 0.016689 776.000000
0.006278 0.015606 776.000000
0.005011 0.014761 776.000000
0.005025 0.013239 776.000000
0.005439 0.011774 776.000000
0.004564 0.010528 776.000000
0.003053 0.010347 776.000000
0.001540 0.010518 776.000000
0.000019 0.010595 776.000000
-0.001501 0.010521 776.000000
-0.003014 0.010347 776.000000
-0.004528 0.010506 776.000000
-0.005432 0.011732 776.000000
-0.005030 0.013201 776.000000
-0.004991 0.014723 776.000000
-0.006248 0.015581 776.000000
-0.007335 0.016648 776.000000
-0.007108 0.018153 776.000000
-0.007798 0.019511 776.000000
-0.009275 0.019879 776.000000
-0.009457 0.021391 776.000000
-0.008934 0.022821 776.000000
-0.010399 0.023237 776.000000
-0.011904 0.023010 776.000000
-0.012338 0.024470 776.000000
-0.012136 0.025979 776.000000
-0.013278 0.026986 776.000000
-0.014686 0.027564 776.000000
-0.016135 0.028031 776.000000
-0.016516 0.026557 776.000000
-0.016734 0.025050 776.000000
-0.016472 0.023550 776.000000
-0.015071 0.022954 776.000000
-0.013976 0.021897 776.000000
-0.014894 0.020683 776.000000
-0.015354 0.019231 776.000000
-0.013865 0.018910 776.000000
-0.012609 0.018051 776.000000
-0.013009 0.016582 776.000000
-0.012222 0.015278 776.000000
-0.010801 0.014733 776.000000
-0.010381 0.013269 776.000000
-0.010296 0.011749 776.000000
-0.008981 0.010982 776.000000
-0.007502 0.010618 776.000000
-0.006835 0.009250 776.000000
-0.007419 0.007843 776.000000
-0.008321 0.006617 776.000000
-0.009151 0.005340 776.000000
-0.009849 0.003987 776.000000
-0.010453 0.002590 776.000000
-0.011334 0.001348 776.000000
-0.012844 0.001151 776.000000
-0.013923 0.002225 776.000000
-0.015211 0.003037 776.000000
-0.016589 0.002390 776.000000
-0.018051 0.001964 776.000000
-0.019245 0.002908 776.000000
-0.020764 0.003015 776.000000
-0.021797 0.001897 776.000000
-0.023225 0.002425 776.000000
-0.024178 0.003612 776.000000
-0.025325 0.002611 776.000000
-0.025928 0.001213 776.000000
-0.027404 0.001586 776.000000
-0.028632 0.002486 776.000000
-0.030063 0.001964 776.000000
-0.031259 0.001023 776.000000
-0.032342 -0.000048 776.000000
-0.031210 -0.001066 776.000000
-0.030005 -0.001997 776.000000
-0.028560 -0.002477 776.000000
-0.027351 -0.001551 776.000000
-0.025865 -0.001221 776.000000
-0.025311 -0.002639 776.000000
-0.024180 -0.003658 776.000000
-0.023226 -0.002471 776.000000
-0.021811 -0.001910 776.000000
-0.020764 -0.003016 776.000000
-0.019245 -0.002909 776.000000
-0.018051 -0.001964 776.000000
-0.016589 -0.002390 776.000000
-0.015211 -0.003038 776.000000
-0.013923 -0.002225 776.000000
-0.012845 -0.001151 776.000000
-0.011335 -0.001347 776.000000
-0.010453 -0.002588 776.000000
-0.009850 -0.003986 776.000000
-0.009152 -0.005339 776.000000
-0.008322 -0.006616 776.000000
-0.007420 -0.007842 776.000000
-0.006835 -0.009248 776.000000
-0.007500 -0.010617 776.000000
-0.008979 -0.010981 776.000000
-0.010295 -0.011746 776.000000
-0.010380 -0.013267 776.000000
-0.010798 -0.014730 776.000000
-0.012220 -0.015276 776.000000
-0.013008 -0.016578 776.000000
-0.012607 -0.018047 776.000000
-0.013863 -0.018908 776.000000
-0.015352 -0.019223 776.000000
-0.014898 -0.020676 776.000000
-0.013973 -0.021885 776.000000
-0.015062 -0.022949 776.000000
-0.016465 -0.023540 776.000000
-0.016734 -0.025039 776.000000
-0.016519 -0.026546 776.000000
-0.016151 -0.028024 776.000000
-0.014699 -0.027569 776.000000
-0.013289 -0.026994 776.000000
-0.012140 -0.025994 776.000000
-0.012342 -0.024485 776.000000
-0.011933 -0.023018 776.000000
-0.010426 -0.023238 776.000000
-0.008948 -0.022873 776.000000
-0.009443 -0.021433 776.000000
-0.009303 -0.019917 776.000000
-0.007829 -0.019536 776.000000
-0.007114 -0.018192 776.000000
-0.007348 -0.016688 776.000000
-0.006278 -0.015605 776.000000
-0.005010 -0.014761 776.000000
-0.005024 -0.013239 776.000000
-0.005440 -0.011774 776.000000
-0.004566 -0.010528 776.000000
-0.003054 -0.010347 776.000000
-0.001541 -0.010518 776.000000
-0.000021 -0.010595 776.000000
0.001500 -0.010521 776.000000
0.003013 -0.010347 776.000000
0.004527 -0.010505 776.000000
0.005432 -0.011729 776.000000
0.005030 -0.013198 776.000000
0.004989 -0.014720 776.000000
0.006245 -0.015579 776.000000
0.007334 -0.016643 776.000000
0.007107 -0.018149 776.000000
0.007792 -0.019508 776.000000
0.009268 -0.019884 776.000000
0.009440 -0.021396 776.000000
0.008914 -0.022825 776.000000
0.010379 -0.023239 776.000000
0.011880 -0.022987 776.000000
0.012338 -0.024439 776.000000
0.012123 -0.025946 776.000000
0.013250 -0.026970 776.000000
0.014655 -0.027555 776.000000
0.016092 -0.028057 776.000000
0.016508 -0.026593 776.000000
0.016734 -0.025087 776.000000
0.016494 -0.023584 776.000000
0.015108 -0.022952 776.000000
0.014038 -0.021870 776.000000
0.014924 -0.020632 776.000000
0.015179 -0.019131 776.000000
0.013672 -0.018915 776.000000
0.012520 -0.017919 776.000000
0.012992 -0.016471 776.000000
0.012137 -0.015211 776.000000
0.010723 -0.014647 776.000000
0.010363 -0.013168 776.000000
0.010234 -0.011651 776.000000
0.008885 -0.010944 776.000000
0.007416 -0.010546 776.000000
0.006834 -0.009139 776.000000
0.007470 -0.007756 776.000000
0.008379 -0.006534 776.000000
0.009202 -0.005253 776.000000
0.009892 -0.003896 776.000000
0.010506 -0.002503 776.000000
0.011435 -0.001296 776.000000
0.012954 -0.001188 776.000000
0.014007 -0.002288 776.000000
0.015329 -0.003043 776.000000
0.016686 -0.002353 776.000000
0.018165 -0.001988 776.000000
0.019347 -0.002948 776.000000
0.020869 -0.002973 776.000000
0.021944 -0.001895 776.000000
0.023313 -0.002562 776.000000
0.024337 -0.003688 776.000000
0.025358 -0.002558 776.000000
0.025943 -0.001153 776.000000
0.027408 -0.001570 776.000000
0.028621 -0.002489 776.000000
0.030053 -0.001971 776.000000
0.031251 -0.001031 776.000000
0.032344 0.000028 776.000000

